7.29762893322e-09
7.70513238626e-09
7.57444234466e-09
8.00664016713e-09
7.87611040552e-09
8.06119913542e-09
9.23331422235e-09
7.97819063174e-09
8.52924499269e-09
7.91923095847e-09
7.99732334077e-09
7.68361676097e-09
8.23009528663e-09
8.87269739548e-09
7.31460552742e-09
7.23169524121e-09
7.3884722397e-09
7.84811163387e-09
7.61436695912e-09
8.24014796749e-09
6.96115139044e-09
7.66690768667e-09
7.70046636069e-09
8.12386193527e-09
8.74607155825e-09
8.2982936055e-09
7.19472678402e-09
7.93543829272e-09
9.10065004926e-09
8.18541238358e-09
8.0242852405e-09
8.23713163567e-09
8.25878887302e-09
8.4917168583e-09
7.50665090062e-09
8.17466011906e-09
7.59833301517e-09
7.98895696878e-09
8.63502555847e-09
7.97670705098e-09
7.063788875e-09
8.12275201819e-09
8.32278038346e-09
8.34775095212e-09
8.76591038024e-09
7.87920512367e-09
8.31699701246e-09
6.78962855685e-09
8.36870906539e-09
8.09837832202e-09
8.97836937687e-09
7.78901636333e-09
8.32658601592e-09
8.00629376088e-09
8.0686187466e-09
8.09108997604e-09
7.47988861535e-09
8.37336841572e-09
7.8693358069e-09
7.39945247983e-09
7.3505656818e-09
7.17457960397e-09
7.18684860916e-09
7.22816432295e-09
7.95609718544e-09
6.53050121272e-09
7.93199598054e-09
8.18922470617e-09
8.75923424861e-09
7.71534995675e-09
8.1846022202e-09
7.68497957349e-09
6.6500449252e-09
7.41887006653e-09
7.63319250399e-09
7.62519466559e-09
8.41587828107e-09
8.11389237304e-09
7.5602090602e-09
7.80242019086e-09
7.97073230077e-09
7.86641608125e-09
7.60054235829e-09
7.28804283094e-09
8.58468199634e-09
8.50781977653e-09
7.65672775338e-09
8.10226336303e-09
8.71376030784e-09
8.38903811087e-09
8.42732067836e-09
8.38544496458e-09
7.63556686491e-09
8.16600245095e-09
8.09923061279e-09
7.84935891625e-09
7.88894368747e-09
8.36980454736e-09
7.28714203086e-09
8.15120926417e-09
