1.13195520968e-08
1.01068817616e-05
1.26140422634e-06
2.86453779334e-05
2.04319037456e-06
1.24573268073e-05
1.60968304537e-05
4.431751599e-06
3.80486237961e-05
2.61452126579e-06
1.39397125146e-05
1.21556103827e-05
3.53982206145e-06
6.74203082342e-05
6.69063504013e-07
5.34846304889e-06
1.03891815768e-06
2.27485015972e-06
2.11631719759e-08
9.92649989873e-09
1.05398628686e-06
4.88259586852e-09
6.40659877453e-06
5.52396573444e-09
3.18673114795e-06
5.631568757e-06
4.94018075616e-06
5.570541243e-06
6.73193762652e-06
6.84838724472e-06
1.66128002001e-05
1.1250754371e-05
1.67455379305e-05
5.39487063165e-06
7.73503691645e-06
7.9178058075e-06
1.57173606561e-05
1.49945675595e-06
1.32496112502e-06
7.50926631836e-06
6.23555534274e-06
1.92028600671e-07
4.89040064273e-06
3.61617831223e-08
1.67335539722e-05
4.32113891118e-06
6.95912627022e-07
9.21217534966e-07
5.95987813646e-06
1.59706236477e-06
1.37424657491e-06
4.49166753085e-06
8.56056646593e-06
3.83372114243e-07
6.94069088217e-06
9.03355463422e-11
8.19311385369e-08
5.92978487965e-05
2.93647657939e-09
8.12525293471e-06
3.97724643267e-05
6.45614707071e-06
4.0942897991e-06
3.47455571845e-06
4.12232758911e-06
9.29151791381e-06
7.60814486641e-09
5.61322927111e-18
4.6249982368e-07
3.31843962972e-06
2.70754574708e-06
1.97096784032e-07
1.0309466857e-05
3.47891978407e-07
2.37059025646e-07
3.81362430314e-08
5.04273233756e-07
5.00802428173e-06
5.81254657596e-05
5.02464941985e-06
2.2968746926e-06
1.2195038714e-05
1.96077848898e-06
5.11595419584e-06
1.11856076558e-05
9.84481710741e-07
6.07252905478e-06
2.4596303651e-06
2.76076254619e-05
4.60612542622e-06
8.06405268577e-07
4.8366058562e-06
5.01919092697e-06
4.93821943771e-05
6.53908481942e-06
7.31931014645e-06
2.11024695265e-10
1.17170232419e-05
4.56111578101e-06
1.01433017285e-08
