3.14098585797e-06
1.81138187345e-06
2.93404628391e-06
2.84692363566e-06
3.58283914702e-06
1.90808568462e-06
1.79760902656e-06
5.79383666716e-06
4.45916093459e-07
1.52610227371e-06
5.11819445727e-07
7.32595828328e-06
7.26549814102e-06
3.43986578125e-06
2.65967121809e-06
3.67508885092e-06
8.54702812521e-07
6.54679620483e-06
3.24242400116e-06
7.38153435922e-06
2.74022714126e-06
3.7004416701e-06
9.3035523811e-06
2.30695647382e-06
5.40485009279e-06
3.87614981649e-06
4.56668964688e-06
3.19381326044e-06
3.95793396481e-06
4.05296476332e-06
4.60546264795e-07
4.67401535287e-06
3.7322184387e-06
6.08994011684e-06
5.50151425292e-06
2.54770730419e-06
2.22111034381e-07
2.15291085952e-06
3.94839937163e-06
4.80652310424e-06
4.7914318264e-06
2.99779096121e-06
4.3049889936e-06
5.29672944971e-06
3.7999734661e-06
4.08128276769e-06
1.48009170723e-06
2.43090706669e-06
1.86096037451e-06
5.52803296108e-06
5.91347290156e-06
5.81505848693e-06
3.3612559472e-06
5.38979489291e-06
1.28126645015e-06
3.61900424551e-06
1.28741038404e-06
3.26721711137e-06
2.34561308288e-06
1.20299142233e-06
2.36976968352e-06
3.45055597629e-06
5.21292863998e-06
2.08615473569e-07
3.58240161219e-06
4.55071809564e-06
3.59752504432e-06
4.26422906305e-06
4.25527014743e-06
4.42279223736e-06
4.26355327176e-06
2.76095359677e-06
5.49491755394e-06
3.15932291879e-06
2.50311073356e-06
2.17490464218e-06
2.29132055633e-06
3.98284274208e-06
4.64452613819e-06
3.77880853559e-06
6.19193538142e-06
5.42388079395e-06
4.27630329143e-06
6.42677628342e-06
2.24381464138e-06
1.81138235123e-06
6.54731325181e-06
4.84396316741e-06
4.7819344221e-06
3.66830436538e-06
4.42093980359e-06
4.61677316217e-07
4.5871971221e-06
1.51180177931e-06
2.79188438063e-06
3.34685225262e-06
3.63416371858e-06
4.348739977e-06
6.77987619937e-06
5.92394818514e-06
