7.2765052837e-08
7.0598057655e-08
7.97150866946e-08
6.91737432899e-08
7.79473389735e-08
7.74256755412e-08
7.66180934248e-08
8.02517506511e-08
7.94500407725e-08
8.13109965031e-08
7.20215113673e-08
7.9227785449e-08
8.31323169588e-08
8.49888375714e-08
8.71396718926e-08
7.81937325914e-08
8.03370502524e-08
8.43669979975e-08
9.23901253336e-08
8.62639545961e-08
7.80189364716e-08
8.3242926959e-08
6.73980754515e-08
8.47910907797e-08
7.05724821014e-08
8.38003741474e-08
8.19528714521e-08
7.76071370506e-08
8.56262914806e-08
7.00237426116e-08
7.95074718188e-08
8.33108329951e-08
8.60606764934e-08
8.04968000946e-08
8.1180447263e-08
8.4588976735e-08
7.82313870015e-08
8.71777021633e-08
6.86111071541e-08
8.16425687851e-08
8.46719052868e-08
7.6722559937e-08
7.47992559368e-08
8.51988649648e-08
8.87858349131e-08
7.74664182482e-08
7.22648120592e-08
7.9626925495e-08
7.83748208018e-08
8.04924978062e-08
7.91710898403e-08
8.34438287119e-08
7.92132904991e-08
8.39129612729e-08
7.8023542042e-08
8.47898446133e-08
7.06292500146e-08
8.7342306005e-08
7.68412605378e-08
8.12193894444e-08
8.40520172743e-08
7.36040417026e-08
8.66445811199e-08
7.3309526538e-08
8.09181565332e-08
8.01335487139e-08
7.74300028945e-08
8.62223993496e-08
7.25473782944e-08
7.61466559295e-08
8.35432468987e-08
8.24189207166e-08
7.30302467019e-08
7.52216062955e-08
9.1253937287e-08
8.43223813852e-08
8.59726780722e-08
8.61302577056e-08
8.4337757869e-08
8.90373779976e-08
7.5577722037e-08
8.55175174673e-08
8.0471630034e-08
7.06893092403e-08
7.42022118384e-08
7.39317202672e-08
8.09134045107e-08
8.62563073751e-08
7.53994676613e-08
7.62388393748e-08
7.76171833191e-08
8.09583913944e-08
8.3452747296e-08
8.59609827632e-08
7.94887483632e-08
7.50900838703e-08
8.37368011068e-08
8.04284500256e-08
8.32923817904e-08
7.55003047298e-08
