0.0121895953912
0.0975503943965
0.102911698406
0.0485899332179
0.0844574016228
0.0751604446704
0.0416494835148
0.00107374540453
0.0635828009049
0.0540376541646
0.0791737207159
0.0516190550222
0.0212643687746
0.0797700614446
0.0996382679322
0.0287541184397
0.0806812563513
0.0737281587177
0.0249519729112
0.00758114772717
0.0823529654195
0.0897157716949
0.0936037988674
0.0289225747343
0.088340970173
0.0350722897354
0.0739485237523
0.0583932508441
0.125095735776
0.0415635292963
0.070200977328
0.0194266071969
0.0511372946258
0.0559828875573
0.0318372304922
0.0937754038168
0.118407424839
0.11258334653
0.0761055593813
0.0582214294383
0.0677170563482
0.0189592242812
0.00834520440629
0.0238384336383
0.119577204196
0.122405355041
0.0181936763155
0.0506661397375
0.0806003578135
0.0809585471822
0.0219166314963
0.0335231391674
0.0981037994511
0.0593681291784
0.0235649350323
0.098949044051
0.0383539041539
0.0601816062131
0.0168185492495
0.0590821782664
0.0601420438723
0.0170688681957
0.0436213609316
0.0270408365874
0.0197523448716
0.0634323349656
0.0287939892759
0.0785212584132
0.0444129908497
0.109437967039
0.094058828792
0.0308775162492
0.0138774394492
0.0533790679069
0.0951989531405
0.0163362868684
0.0798778391568
0.0439582540272
0.017033143178
0.0914558457779
0.050750397078
0.0193807652734
0.0244553927134
0.0899058752533
0.0411510659921
0.0980537433786
0.0420522225857
0.0504732490436
0.0956649142546
0.0473670453706
0.0331127207733
0.102263049786
0.0813541669412
0.0334689057114
0.0262939173397
0.014932189791
0.0666471313824
0.0839912984908
