8.40523893287e-07
9.39151596541e-07
9.35584828959e-07
8.20233047225e-07
2.17493632684e-07
7.31281249876e-07
8.68678042888e-07
7.45984669623e-07
6.6866762636e-07
8.4210001499e-07
8.32354310636e-07
9.1270013017e-07
8.36746198248e-07
8.19272167579e-07
7.77706988062e-07
7.75346430864e-07
9.35552638534e-07
8.08127510795e-07
8.69811811305e-07
8.41669773119e-07
8.35741023816e-07
9.10214869929e-07
8.72029734449e-07
8.83551837216e-07
8.72714886979e-07
7.77384509191e-07
8.26491486585e-07
8.63992474398e-07
8.98731530526e-07
8.13347489138e-07
8.70594331313e-07
7.98204062287e-07
8.26993845838e-07
9.07582028472e-07
9.86755450469e-07
9.37110848339e-07
8.92738519325e-07
8.1240365429e-07
7.9675688751e-07
8.68384349519e-07
9.41896080354e-07
7.86660053392e-07
8.20389749522e-07
5.41795881059e-07
8.91473474611e-07
9.11573669545e-07
8.43680572795e-07
8.20202321476e-07
8.370397984e-07
8.39194417847e-07
8.52605761375e-07
8.00783124259e-07
4.89853738853e-07
9.10325367642e-07
8.65425797932e-07
7.43590375756e-07
8.15599031923e-07
1.022423728e-06
1.00048826731e-06
8.58026490328e-07
8.10287610279e-07
9.16958574155e-07
7.56011795612e-07
8.58905552948e-07
4.21369728594e-07
9.22806327301e-07
8.64116304866e-07
7.1241213454e-07
8.94463768198e-07
8.15777061863e-07
7.62958437399e-07
8.86517775857e-07
8.62110358539e-07
8.62275656045e-07
9.21194287415e-07
8.29133683342e-07
8.47951745772e-07
8.9587788842e-07
8.59660623143e-07
9.05346256279e-07
8.30980645636e-07
8.23948424841e-07
8.37688628096e-07
8.30382778422e-07
9.15354436401e-07
9.32837782448e-07
8.47209014878e-07
8.10590959531e-07
8.86494222775e-07
7.18078406352e-07
8.34985819084e-07
8.13261089529e-07
4.83550402423e-07
8.43458699058e-07
8.19087462123e-07
8.65770770772e-07
8.03528184179e-07
8.52555977558e-07
8.85067472567e-07
9.36518305841e-07
