8.23383044273e-06
8.29161649103e-06
8.18977748735e-06
8.19170111729e-06
3.64641885418e-06
7.89641406561e-06
7.76701697456e-06
7.13942307355e-06
7.29777475539e-06
8.25863891429e-06
7.91882509218e-06
7.3526969627e-06
8.3945541587e-06
8.57872315048e-06
7.55414648435e-06
8.09501243791e-06
7.63612069983e-06
7.56644322669e-06
8.47710337309e-06
7.46053153869e-06
8.17179974548e-06
7.48326257135e-06
7.13601537964e-06
8.29285292582e-06
8.24611046758e-06
7.76151683985e-06
8.14834938269e-06
7.62476813432e-06
8.06981032274e-06
7.27566420289e-06
8.30562281611e-06
7.40290996196e-06
7.22314953653e-06
7.72775171578e-06
9.00256198885e-06
8.49486137059e-06
8.43574272612e-06
8.51221403654e-06
7.97039000882e-06
8.22332446909e-06
8.06829882256e-06
8.76383282569e-06
8.82883550047e-06
7.72796824535e-06
7.27929271801e-06
8.52907524754e-06
8.52023000674e-06
8.94728009424e-06
8.22228592096e-06
8.47385156316e-06
8.75541486751e-06
7.55735716145e-06
7.93793102711e-06
8.64159379015e-06
8.07537683559e-06
7.88011395842e-06
7.1216774413e-06
8.43750328441e-06
8.81042493462e-06
8.45560021685e-06
7.83936644478e-06
8.74738893912e-06
8.19195240765e-06
8.97727372551e-06
1.46404129334e-06
8.26171177309e-06
7.16870795737e-06
8.48517311063e-06
7.86054452504e-06
8.4746354619e-06
8.03479061058e-06
8.11421251383e-06
7.1591207022e-06
7.5650244257e-06
8.9324610624e-06
8.98707008603e-06
7.27044398491e-06
7.85481430803e-06
9.06666168353e-06
7.44864266699e-06
7.65334776893e-06
7.95630959306e-06
7.22762814812e-06
8.32736183537e-06
7.06970369841e-06
8.08552529481e-06
8.75013122072e-06
8.78366006039e-06
8.23321079052e-06
7.61070577957e-06
8.7158119455e-06
8.30317263345e-06
1.3567888853e-06
7.68398124121e-06
8.04518365569e-06
7.9363147136e-06
7.58943469085e-06
7.1560382569e-06
8.01606328058e-06
8.6830106713e-06
