3.56024213959e-06
2.69287539401e-06
8.11200922167e-06
6.00250764607e-06
4.25321972098e-06
1.18882268496e-05
6.9997806114e-06
6.03496894329e-06
4.21481631757e-06
2.71738131151e-06
7.02531071027e-06
1.2214154129e-05
3.95764080163e-06
1.67480744635e-06
6.51688503371e-06
1.08645425556e-06
2.54230484518e-06
2.0042380243e-05
4.25994940103e-06
9.51261738751e-06
7.5155918825e-06
2.29292523767e-06
1.41211995473e-05
1.12629952827e-06
9.6345240526e-06
1.20817122532e-05
7.85710559112e-06
4.40991264833e-06
2.51832311675e-06
3.40684386268e-06
1.40587838095e-06
8.6469577938e-06
2.12664438142e-05
6.85686310552e-06
3.92573924088e-06
2.09375367086e-06
5.94632301405e-06
6.26090050172e-06
2.96810611337e-06
1.09696126987e-05
4.0011874381e-06
7.89159125145e-06
7.96735298188e-06
7.43543370138e-06
2.34852879111e-06
2.75921917101e-06
1.7957865657e-06
1.34904685072e-05
3.99749753307e-06
8.98445038748e-06
6.29111456458e-06
7.40247015407e-06
2.89038763982e-06
7.58754405259e-06
2.82481707297e-06
1.60195967265e-06
6.91841505436e-06
5.15397346391e-06
8.26366921006e-06
1.05642535519e-05
9.28213568952e-06
4.0123898609e-06
1.86749824265e-06
6.91966689686e-06
4.84341899857e-06
1.06379970465e-05
9.7525468767e-06
1.56266256479e-05
8.36036883904e-06
3.7875765516e-06
3.26494080825e-06
6.95569884571e-06
1.04190792709e-05
2.98647135718e-06
4.97975207092e-06
4.09802214487e-06
4.36670332892e-06
7.70932901369e-06
7.79507964286e-06
9.62312625755e-06
6.24991048772e-06
1.88012127232e-05
9.8886246687e-06
8.5088747738e-06
4.14867195402e-06
1.14410949055e-06
1.16242447936e-05
9.88509689055e-06
1.05982413012e-05
8.98916769531e-06
1.42020094677e-06
7.41968851431e-06
5.24681349446e-06
7.28616192602e-06
7.02529077056e-06
4.37008554309e-07
1.30313624029e-05
1.93306671042e-06
1.43262602468e-05
1.41748259574e-06
