0.000134988852456
7.93821650667e-05
0.000175554543335
0.000107061819774
8.79555099106e-05
0.000146994146426
0.000187462365958
7.74957068199e-05
0.000157747335053
0.000144270746772
5.90313809099e-05
0.000121201259011
2.40693680542e-05
0.000113230850935
9.69493507434e-05
0.000102490512433
0.000199566711925
0.000101679097773
9.71803432749e-05
9.45036679464e-05
0.000117956203172
6.5822078369e-05
8.81789486152e-05
0.00011586292559
0.000107208692852
0.000204546372629
0.000125319681838
0.000173854153878
0.000231042543484
5.43723830067e-05
6.8671720552e-05
9.19923632956e-05
0.000109957091087
5.71781994076e-05
7.47696172714e-05
9.79085838965e-05
0.000140278410539
0.000172904361916
0.000107823847497
0.00013265462287
7.4040798724e-05
9.91000729211e-05
7.62538303637e-05
0.000179282938257
3.9702249315e-05
0.000135660399747
0.000200700747989
5.0892303362e-05
6.68956722584e-05
5.56819536004e-05
0.000109512639321
8.51601308107e-05
9.81618371113e-05
5.10270063575e-05
8.11386704829e-05
0.000109229302392
0.000121538327128
6.92387656285e-05
0.000182483123015
9.63357122614e-05
5.97577186311e-05
0.000114743737057
7.08155811756e-05
0.000107059366877
7.67552712789e-05
0.000169105320223
0.000113365516559
2.46657376206e-05
0.000162997093306
6.61478898903e-05
7.76197009238e-05
0.000159593468111
7.58097112287e-05
9.01637355727e-05
9.03672605642e-05
0.000102384418657
6.61183545928e-05
0.000101641980926
0.000128069919389
0.000100145316841
0.000125543418643
4.33405107238e-05
0.000146039448408
5.45928463974e-05
0.000117176751383
0.000239307772548
9.13830032531e-05
8.4743931391e-05
7.51588733359e-05
0.000141868564083
0.000110412213935
8.24638164262e-05
0.000127485718802
0.000127620711335
0.000131123057539
4.08900029025e-05
0.000125742713358
0.000109416573734
5.6469273934e-05
0.000115024675297
