3.6195277891e-07
3.79849834899e-07
3.41357613026e-07
6.94050407092e-07
4.47885500935e-07
3.55416063611e-07
5.29905912378e-07
2.37559466877e-07
2.38305100772e-07
3.36004753131e-07
3.58075949842e-07
3.73104125822e-07
4.36350022023e-07
3.27270682579e-07
2.77667129477e-07
4.29379985318e-07
3.57437681535e-07
3.31838868001e-07
3.94980188752e-07
3.73389281718e-07
3.82234471673e-07
4.46037782572e-07
4.57302519543e-07
3.60711605294e-07
3.91027803606e-07
3.56233815047e-07
3.72130246605e-07
3.26141109626e-07
4.49565545771e-07
4.46311077634e-07
2.55865829538e-07
4.05080469598e-07
4.38537544733e-07
4.52291259179e-07
2.26679126109e-07
3.86610059397e-07
6.79375900691e-07
3.72968329479e-07
3.65633758362e-07
3.59539010321e-07
4.13558720974e-07
2.72514132665e-07
3.12541438807e-07
2.84210967692e-07
3.272869203e-07
4.063428576e-07
3.94758385121e-07
3.73034773469e-07
3.55383614561e-07
2.23300899952e-07
3.2232470078e-07
6.35014981024e-07
2.98011436993e-07
4.00617757794e-07
5.26184502427e-07
2.62448538093e-07
4.56297939327e-07
2.8752980431e-07
4.20842049163e-07
3.18109662987e-07
2.79344681897e-07
3.61502353629e-07
3.62877494644e-07
3.93316873521e-07
4.31202085298e-07
3.71820464718e-07
3.00402517842e-07
3.19320176433e-07
3.75817980284e-07
4.80346036608e-07
2.85239439227e-07
3.31800941269e-07
5.05279359007e-07
3.76153383759e-07
3.42030252647e-07
3.03204993097e-07
5.17689391796e-07
3.10129460608e-07
1.91968517541e-07
4.45407062879e-07
4.70052961409e-07
1.09408904576e-07
3.10386180554e-07
4.3677179126e-07
5.2606396499e-07
3.94424728664e-07
3.83261389095e-07
4.15110038474e-07
2.06205772175e-07
4.79145881198e-07
4.2204282644e-07
3.46079295668e-07
4.66603699028e-07
3.64212106967e-07
1.25255699615e-07
2.23253020482e-07
2.92905616606e-07
3.39705854109e-07
4.68575651776e-07
2.85717492225e-07
