0.00199001989759
0.00220686166639
0.00114723330017
0.00230327164729
0.00201128338311
0.00167175532575
0.00350729955054
0.000923486442595
0.002970015943
0.00176503150655
0.00109777165612
0.00169183118248
0.00209262276406
0.00208978122731
0.0022647525509
0.00187572924727
0.00183030966012
0.00241717313934
0.00151260519136
0.00221367650041
0.0017488107129
0.00108617138889
0.00105009021746
0.00235968802484
0.00170107811516
0.00267211464141
0.00173562350789
0.00190397924029
0.00150438326986
0.00176853306661
0.00149901162583
0.00157989126305
0.00197592087673
0.00268645466333
0.00168192813233
0.00226159407784
0.00212333609551
0.00218795338522
0.00131507738553
0.00195289959092
0.00165188409508
0.00285097749183
0.00163992604293
0.00156825895369
0.00170803221152
0.00195196133843
0.00200668826831
0.000561286301291
0.00248941319359
0.00170412773195
0.0024569407584
0.00158263733822
0.00172426292638
0.00187457965998
0.0022963386875
0.0024724361174
0.00200725890151
0.00144691215064
0.0021559774342
0.00141977140834
0.00174131315381
0.00096591900539
0.00133097263243
0.00197505012218
0.00229703916625
0.00244139094338
0.00225578424764
0.0017838391883
0.00103090138215
0.00102724260599
0.00182601461875
0.00134780144374
0.0026752508096
0.0012272300658
0.00215215980926
0.00274552966219
0.00154212330133
0.00246914353925
0.00204405937412
0.00154248814776
0.00183339526996
0.00172732960708
0.00210697409322
0.00158819166223
0.00181712569671
0.00195083702768
0.00157466273394
0.00191481909831
0.000710866909279
0.0012346966527
0.00244096407379
0.00160359884999
0.00225891197386
0.00218763691347
0.00226968764419
0.00166586017229
0.00232578276735
0.00226324752656
0.00260756960876
0.00223253308284
