3.36877626732e-07
3.68187783847e-07
3.17955615722e-07
7.16367846635e-07
4.21749033928e-07
3.4858037995e-07
6.16961342669e-07
2.4140004792e-07
2.24103708951e-07
3.21905098135e-07
3.5139695816e-07
3.69419336074e-07
3.80129825285e-07
3.15692224956e-07
2.63131017773e-07
4.47145734783e-07
3.53572942146e-07
3.25538808847e-07
3.98921908981e-07
3.66403080104e-07
3.66527552516e-07
4.48797568162e-07
4.61261983487e-07
3.45312854848e-07
3.84989888122e-07
3.45069086749e-07
3.69568100903e-07
2.85586373846e-07
4.04448789547e-07
4.34883029756e-07
2.52780236756e-07
3.86710768345e-07
4.23202016179e-07
4.08581566163e-07
2.22937307791e-07
3.88433548268e-07
6.26338687181e-07
3.60507739608e-07
3.37261645059e-07
3.5300697506e-07
3.97307637333e-07
2.68327794565e-07
3.15239867472e-07
2.75419555778e-07
3.08628930735e-07
4.04958972954e-07
3.92477445923e-07
3.29788123891e-07
3.08774835603e-07
2.22443581521e-07
2.63679906892e-07
5.65635690534e-07
2.95732202201e-07
3.85134997501e-07
5.23932676619e-07
2.55747550722e-07
4.56846779143e-07
2.92021489935e-07
4.14427974333e-07
3.06448718931e-07
2.51915510207e-07
3.50878734782e-07
3.46043080808e-07
3.7772028769e-07
4.02127243439e-07
3.73192037718e-07
2.97449185436e-07
3.03031328105e-07
3.6984448209e-07
4.17864304474e-07
2.79273428636e-07
3.22198248379e-07
5.03573565253e-07
3.42673297499e-07
3.28775211337e-07
2.67138191667e-07
4.54606959192e-07
3.07222939899e-07
1.81120427392e-07
4.43734649966e-07
4.79660690955e-07
9.46254291796e-08
2.98630732622e-07
4.34801239208e-07
5.08562557286e-07
3.53653568135e-07
3.73993610818e-07
4.00509909626e-07
2.06494536675e-07
4.92334833419e-07
4.08820130159e-07
3.44208980327e-07
4.73331655262e-07
3.09473075333e-07
1.21417591573e-07
2.22043928074e-07
2.75260444083e-07
3.41606990929e-07
4.56216943681e-07
2.59780172204e-07
