0.000446358241695
0.000364851987656
0.000399716358793
0.000353603386951
0.000444202484691
0.000412696594034
0.000447028091216
0.000332334370366
0.000489345166282
0.000534173094291
0.000411081954614
0.000361034061326
0.000357493767825
0.000437271182973
0.000399428278868
0.000323484744336
0.00047970079793
0.000350163301381
0.000483383267864
0.000565900058987
0.000395335484551
0.000489918568656
0.000405059279238
0.000401932207591
0.000375466547631
0.000351662545754
0.00057124193622
0.000462815399957
0.000385953838183
0.000412467400397
0.000451850766885
0.000363235722319
0.000367656762201
0.000377917264977
0.000394103698894
0.000350595327441
0.000429060784874
0.000514928191882
0.000332858406879
0.000541336845808
0.000406287297218
0.000517912284776
0.000456004883368
0.000381915487681
0.000445010636145
0.000419795090028
0.000486664910676
0.00045980007393
0.000453395182271
0.000507878742053
0.000400140953107
0.000451983704066
0.000434920849019
0.000442979821317
0.000465871095697
0.000427452512345
0.000553594299401
0.000353962158176
0.000456539489529
0.000441070578528
0.000401865838136
0.00045358489939
0.000418997694303
0.00051052352156
0.00043637515961
0.000351793519315
0.000447585787935
0.000493786051335
0.000551856438916
0.000374599180136
0.000442669965081
0.000364342290923
0.000476427169922
0.000434772707434
0.000419171268727
0.000399207001611
0.000424730763401
0.000502501677272
0.00048745005045
0.0003602553081
0.000368166048799
0.000442547912163
0.000396528810004
0.000516741062364
0.000361520598046
0.000379085727521
0.000563781785139
0.000456419038561
0.000340627462489
0.000390988959422
0.000375198879102
0.000406226779226
0.00044821545394
0.000317662841549
0.000564921579404
0.000445178075563
0.000456295097577
0.000503487631719
0.000304645071606
0.000522243917858
