0.000100609226484
7.43854591248e-05
9.34723748743e-05
8.97967343986e-05
8.46087104098e-05
0.000101412229064
7.84338149661e-05
0.000103032927279
9.36264158153e-05
9.41206573842e-05
0.00010202258356
3.73104851125e-05
9.35417170188e-05
9.36444743375e-05
9.58330432057e-05
9.25878008321e-05
0.000106000535556
9.55696179075e-05
9.14562369348e-05
9.13511545937e-05
0.000100536675056
0.000101270352776
0.000102430401242
9.46078580755e-05
8.26014252694e-05
8.92229029737e-05
9.13526268576e-05
9.55799987922e-05
9.98134184871e-05
0.000101812998382
8.89540878818e-05
8.79196720791e-05
8.9138106639e-05
8.4783525393e-05
9.38540061474e-05
8.31502090227e-05
9.82062612232e-05
8.91315757368e-05
9.34032696211e-05
8.85725007585e-05
9.3602712389e-05
0.000103512207719
9.23663510378e-05
9.54624599772e-05
8.45879169256e-05
9.12692649774e-05
9.47209086435e-05
8.86894282131e-05
9.1188223176e-05
9.07884898779e-05
0.000101257835538
8.77790706738e-05
9.21122395383e-05
9.45370393816e-05
9.00231054273e-05
8.52792589097e-05
9.13573350001e-05
0.00010173798994
9.25497602427e-05
8.72416501242e-05
8.50717973203e-05
0.000102024420893
9.3004624479e-05
8.74022839668e-05
9.0765341143e-05
9.29349698929e-05
9.09822754278e-05
0.000103697363675
9.09947098387e-05
9.39246195112e-05
0.0001040079137
9.27385179229e-05
7.53886987623e-05
9.37313910604e-05
9.09029860728e-05
8.69566606129e-05
8.23840975529e-05
7.45615567178e-05
9.49559928128e-05
8.96741279952e-05
9.93073473555e-05
7.44018078053e-05
7.95038074611e-05
9.8482900587e-05
8.80184867305e-05
8.35421834378e-05
9.8964526334e-05
8.00755552566e-05
8.62078244916e-05
8.99234241902e-05
8.33576196672e-05
8.96770548062e-05
9.93638669718e-05
0.000105967808321
9.42480037994e-05
9.78521208774e-05
9.17845247872e-05
0.000106280019056
0.000103928905675
9.24864507701e-05
