8.45146189301e-05
7.85764964917e-05
7.67425704133e-05
7.5108155544e-05
7.41952936957e-05
8.72468274286e-05
7.77560919564e-05
6.74029643948e-05
6.47792195945e-05
7.89719935104e-05
3.80316150593e-05
9.56753782895e-05
8.16841465795e-05
0.000114941863375
7.96532293124e-05
8.79519693213e-05
8.57203785312e-05
7.92774070034e-05
0.000114570303472
4.28224882654e-05
6.98960560682e-05
2.09102067636e-05
5.05664629106e-05
7.91895389768e-05
6.6550283883e-05
0.00011874716474
9.38419394849e-05
7.97551048101e-05
0.000110790037324
5.66823804368e-05
4.4426473061e-05
7.95720510531e-05
8.17349310682e-05
7.53827957176e-05
6.15511839895e-05
5.22882402377e-05
5.6706785638e-05
0.000133369326966
5.50492898889e-05
0.000115055639434
3.32977292117e-05
9.57398782288e-05
6.74079024247e-05
8.8760367035e-05
6.78638340002e-05
6.96181987208e-05
8.63279219742e-05
7.8618834981e-05
3.82880790908e-05
3.82504553814e-05
6.19333358549e-05
9.19602133282e-05
4.97223293507e-05
7.09334699677e-05
6.53358061192e-05
0.000102744590187
6.28906602219e-05
4.42498323321e-05
7.2904051848e-05
8.14129939166e-05
3.9612981975e-05
7.0940402352e-05
4.21982734398e-05
6.25429679108e-05
7.97445613249e-05
8.50447500572e-05
7.49236056904e-05
4.61756127326e-05
6.05076702219e-05
2.26968956123e-05
7.33320330951e-05
7.78318073857e-05
6.93599996567e-05
7.98938704741e-05
5.50130387388e-05
4.05316398159e-05
3.26662553479e-05
3.95700443615e-05
7.42666909131e-05
8.49128893072e-05
7.96897755659e-05
4.81801714088e-05
0.000114832028045
6.17913523424e-05
8.66962587993e-05
0.000100459908106
2.93962353569e-05
8.31266394753e-05
3.42842534566e-05
8.73349887317e-05
7.951326829e-05
9.82132976608e-05
8.44627323384e-05
7.58476357955e-05
7.35208040083e-05
0.000101332347724
0.000121764005999
9.82917336574e-05
5.61215691309e-05
3.84586011849e-05
