1.16219354904e-05
1.17090995361e-05
1.35328664979e-05
1.05442218064e-05
1.312036497e-05
1.10790621048e-05
1.34193651865e-05
1.36676660287e-05
1.20685295537e-05
1.04824802472e-05
1.28138754508e-05
8.2872335209e-06
1.0811133329e-05
1.29014879235e-05
1.22986656634e-05
1.16271372228e-05
1.17723094195e-05
1.16856316777e-05
1.33464907612e-05
1.29776074832e-05
1.44089393149e-05
1.16078692936e-05
1.29164212464e-05
1.25202751615e-05
1.03802278185e-05
1.12035781208e-05
1.18351239599e-05
1.16480399397e-05
1.1535220316e-05
1.16295909502e-05
1.2887265823e-05
1.30011430414e-05
1.34454168084e-05
1.16743093735e-05
1.17483400786e-05
1.29202169405e-05
1.19019124894e-05
1.23953502535e-05
1.21074964689e-05
1.2615700047e-05
1.16729151543e-05
1.28189390597e-05
1.20622862487e-05
1.25036114189e-05
1.08827200872e-05
1.18541985031e-05
1.21242314484e-05
1.10501806992e-05
1.25939663445e-05
1.14620587665e-05
1.19665770305e-05
1.21800902493e-05
1.14400391037e-05
1.04625962991e-05
0.000441797016249
1.31101475858e-05
1.45861717107e-05
1.40015546288e-05
1.29279876394e-05
1.10490831956e-05
1.16496627809e-05
1.16077839408e-05
7.30680350143e-06
1.19475978477e-05
1.08488541983e-05
1.09231670649e-05
1.13782994572e-05
1.18919591423e-05
1.22038533241e-05
1.16668891368e-05
1.1880021526e-05
1.32712423207e-05
1.19875438503e-05
1.22061571395e-05
1.09370315745e-05
1.35269405728e-05
1.21252969951e-05
1.12650524026e-05
1.17097778938e-05
1.04065561144e-05
1.24368860443e-05
1.28273266387e-05
9.89508626424e-06
1.09669093192e-05
1.18633102569e-05
1.27219069274e-05
1.42290098285e-05
1.11990421127e-05
1.24256983744e-05
1.32437433204e-05
1.10256158289e-05
1.1293592257e-05
1.26391727953e-05
1.14452823268e-05
1.09594992002e-05
1.1659333238e-05
9.5651561875e-06
1.23676927793e-05
1.27413710629e-05
1.11383455783e-05
