0.0015263750773
0.0955266820075
0.106102730767
0.0536931529312
0.0836282301378
0.0732427404575
0.0514437161793
0.00106763956414
0.0642269688887
0.0613170191937
0.0848635781688
0.065478898335
0.001624078466
0.0770398499468
0.0979350249565
0.00170854668538
0.0866085008924
0.0796441987719
0.00142311405383
0.00177172120132
0.0870386364322
0.0881256965377
0.0904244462879
0.00274835551664
0.0864261104268
0.00207885229875
0.0794986305717
0.0738967343439
0.116062330228
0.035496672664
0.0670789409989
0.00164221994569
0.0644175611473
0.0667715420593
0.0255522168565
0.0917352658595
0.114170101778
0.106126682161
0.0702804698689
0.0635442823666
0.0732802153066
0.00142740392902
0.00181635432909
0.00180756409528
0.135195767756
0.115473910304
0.00154020266041
0.0617638184499
0.0872396434953
0.0911994149483
0.00153628614981
0.0156212759282
0.102183798233
0.0665023107524
0.0015762304773
0.100081261234
0.00227362329657
0.0825988294726
0.00209841395272
0.0689106477374
0.0666938636596
0.00171754988659
0.0580330919824
0.00197363221589
0.00170025759383
0.0820879153803
0.00219274990638
0.0794070940507
0.0523472616327
0.108736881913
0.0941225176982
0.00274418538168
0.0015062264109
0.0617979543321
0.0966149017112
0.00145863626564
0.0786880120643
0.0559466726046
0.00173351674046
0.0846057434498
0.0595857638079
0.00157787609781
0.00197773518024
0.0907046233246
0.0478496578954
0.0963383742145
0.0492140190466
0.0640657558979
0.0995258484908
0.0572625187642
0.0243999929931
0.0988265275029
0.0782810327639
0.00312466467298
0.00182848012739
0.00170124540476
0.0753966921819
0.0830161046748
