8.02065602479e-06
7.68677002519e-06
7.83681721183e-06
7.78731700796e-06
4.15472554139e-06
8.29693256506e-06
1.11799605314e-05
2.51196742392e-06
6.9035198397e-06
6.74543521915e-06
8.16548600903e-06
6.35379349725e-06
6.27479063218e-06
6.73426087819e-06
8.69983655569e-06
8.26934317951e-06
9.33868140001e-06
9.06429010998e-06
1.10638728176e-05
6.54708820344e-06
1.02885940545e-05
6.20797331429e-06
1.02787189656e-05
6.08508954951e-06
8.0670671626e-06
1.02731526836e-05
6.44432227711e-06
5.69020071101e-06
5.66227774547e-06
1.15561091763e-05
6.32850641257e-06
7.8697148301e-06
1.07083402349e-05
6.73319058573e-06
1.10637834833e-05
9.12524310511e-06
5.62293847691e-06
1.03691235242e-05
7.60823725688e-06
8.53181221164e-06
7.09933437184e-06
1.30019346929e-05
6.09615056426e-06
6.35536147163e-06
8.1133126646e-06
5.38902797344e-06
1.21209923348e-05
1.08748323566e-05
7.47858572598e-06
7.52570945165e-06
1.10331613904e-05
8.91023171817e-06
6.28486632526e-06
9.02013709021e-06
9.33077239185e-06
8.80952207565e-06
1.15736003577e-05
9.58684338915e-06
1.11967333979e-05
4.6450281246e-06
6.35026175717e-06
4.51431213061e-06
6.05233739183e-06
5.82235762286e-06
9.35469707995e-06
8.67796876663e-06
5.60279660864e-06
1.10318844079e-05
7.23505037059e-06
7.95802916817e-06
6.54572086173e-06
7.8600109018e-06
9.29075725244e-06
6.61473660595e-06
6.88415690654e-06
8.11156696443e-06
5.28197965119e-06
9.28945795502e-06
7.7714175474e-06
1.02286182457e-05
7.11464455022e-06
7.3705084309e-06
6.91621285557e-06
7.12407262802e-06
6.95580353275e-06
8.02292113005e-06
5.65926680769e-06
4.36678198865e-06
8.42357691803e-06
6.89319401595e-06
8.3114934872e-06
6.32957549246e-06
8.54622263822e-06
8.34209861287e-06
6.70746866233e-06
5.0224153903e-06
7.47416038221e-06
