8.19401258225e-05
6.32360012505e-05
0.000132217827342
6.11494203987e-05
6.24163163762e-05
0.000126573026647
6.95090508169e-05
3.79301667625e-06
9.0446795842e-05
5.69093388271e-05
7.97194887504e-05
9.08167799597e-05
6.87673191598e-05
6.11227420988e-05
0.000102165884285
7.74071797545e-05
5.79813301199e-05
9.47739662744e-05
0.000126801286499
0.000111162176871
9.12210271952e-05
8.42737956668e-05
0.000112303200749
0.000108602570358
6.45052855947e-05
7.37448279568e-05
7.42881791296e-05
8.63088813523e-05
0.000122750688819
9.73316698382e-05
5.87901349581e-05
5.94761915519e-05
0.000118607619272
6.44546540264e-05
6.7406625831e-05
3.85075191304e-05
7.40301254055e-05
5.83221592818e-05
8.87482544002e-05
0.000102991791479
7.52271442063e-05
0.0001033603185
6.65944565703e-05
7.37531345202e-05
8.74600704506e-05
0.000114333636841
3.2177344749e-05
0.000100790704775
6.91477596001e-05
0.000104047828927
0.000117421763823
6.89875111463e-05
6.77363794762e-05
4.75040405179e-05
0.000107213205709
8.37742629983e-05
7.29614781701e-05
7.18837818006e-05
6.65865147814e-05
8.34493742872e-05
8.33066631587e-05
8.48582549591e-05
7.89442871208e-05
8.65685075576e-05
7.99875305803e-05
8.28061768609e-05
6.63213192434e-05
9.35239536437e-05
9.91903355305e-05
8.80697367696e-05
6.48188457145e-05
5.13346596712e-05
3.82805528026e-05
8.86245209144e-05
6.15487987442e-05
8.13489356909e-05
0.000110022556109
0.000103225737739
7.94087872062e-05
9.8288235689e-05
8.76208642386e-05
0.000138993290475
8.99739997615e-05
5.92941808263e-05
8.07822271022e-05
6.08081151003e-05
7.44222728318e-05
5.88631982898e-05
6.65345554808e-05
7.16505284334e-05
0.000127816719527
4.70612221951e-05
0.000109512751675
7.17558980772e-05
7.68823422155e-05
5.6514929176e-05
