7.23658719498e-06
2.02833403208e-06
2.43937344868e-06
3.27100799135e-06
2.5512994445e-06
3.11741746881e-06
4.15827932542e-06
3.00757222554e-06
4.18372849342e-06
3.17317527556e-06
2.42792436972e-06
3.16244576704e-06
2.32544648106e-06
2.47436313575e-06
2.93598877618e-06
4.18257104284e-06
2.86527905934e-06
2.78816676726e-06
4.45827047898e-06
3.97745712664e-06
2.36412091505e-06
2.20554868905e-06
2.77508246391e-06
3.53388912249e-06
2.91298547977e-06
2.27455895742e-06
4.27276433473e-06
3.65461788934e-06
8.88143644226e-07
2.91385031346e-06
3.10532401511e-06
3.10510882599e-06
4.29798496987e-06
2.56088897091e-06
3.29451997832e-06
2.19352448213e-06
3.05900043975e-06
4.64805925916e-06
2.30234581175e-06
2.80141310932e-06
4.13214870115e-06
2.65701132557e-06
2.3412145467e-06
1.18112090668e-06
3.37674929732e-06
2.95928938668e-06
2.82683712828e-06
2.51988101965e-06
2.01200774441e-06
4.28523645968e-06
2.722870819e-06
3.96923968964e-06
5.06474271409e-06
3.4014751875e-06
3.18968477267e-06
4.67113371167e-06
2.66278299827e-06
4.17629276331e-06
2.707684726e-06
5.62977270516e-06
3.43085677387e-06
3.43791110381e-06
3.96305131902e-06
2.60555513338e-06
2.92222906651e-06
2.10760186195e-06
4.64300663179e-06
1.3949308e-06
2.3938039717e-06
3.01384250951e-06
2.19324191599e-06
2.66288288509e-06
2.72800821338e-06
2.34596040126e-06
3.76751991555e-06
5.01489112887e-06
3.00157063769e-06
3.30769605104e-06
3.5766866845e-06
2.73804709069e-06
2.30390589117e-06
2.86569148513e-06
1.65323142863e-06
2.71644583839e-06
2.59156172389e-06
3.37638582492e-06
2.90353281094e-06
2.33635291551e-06
3.08296514077e-06
2.20168242339e-06
2.79465212619e-06
4.03736533609e-06
2.1822895037e-06
2.18349666073e-06
3.29013350528e-06
3.29693573843e-06
4.4106802994e-06
2.23294759893e-06
4.19181649743e-06
3.30548010075e-06
