3.74748097496e-08
3.12561510266e-08
3.82036258192e-08
3.88011010025e-08
3.18202500736e-08
3.97585907824e-08
3.38929663846e-08
3.84215375307e-08
4.18853249905e-08
4.17073155025e-08
3.68164441431e-08
4.19619769859e-08
3.74007206139e-08
3.98269733361e-08
3.73094053559e-08
3.32422202789e-08
4.46462039768e-08
4.04181494475e-08
3.77147632756e-08
3.9851040064e-08
3.87997670546e-08
3.68452013388e-08
3.82451136004e-08
3.12787763229e-08
4.16303804472e-08
3.57337120804e-08
4.18904072417e-08
4.15306011349e-08
3.77438829003e-08
3.53919281697e-08
3.84529465037e-08
3.61678549455e-08
3.88004510948e-08
4.19887768704e-08
3.57915106845e-08
4.05415409983e-08
3.63640239884e-08
3.63044943035e-08
3.8242510949e-08
3.94022108368e-08
3.9088282106e-08
3.51705362721e-08
3.96137999978e-08
3.84129109736e-08
4.11968012531e-08
4.06875786882e-08
3.8800099425e-08
3.8309180753e-08
4.11163235699e-08
3.99048105155e-08
3.73697677073e-08
4.04746186331e-08
3.51381558781e-08
3.78769063232e-08
3.81915807077e-08
3.908332162e-08
3.71360136818e-08
3.84674855538e-08
4.09695835323e-08
4.20684946771e-08
3.8792358383e-08
3.7407917979e-08
3.48062779569e-08
3.34650735877e-08
3.11996578401e-08
3.98134725063e-08
4.14916318761e-08
4.04486264461e-08
3.54118688052e-08
4.45175587747e-08
3.28648618094e-08
3.50317860104e-08
3.6659872131e-08
3.59984981786e-08
3.60105361911e-08
3.68231558572e-08
3.60526770739e-08
3.7085764801e-08
4.10267310397e-08
3.54320775412e-08
3.66322230275e-08
3.76179819084e-08
3.77986021861e-08
3.68389262271e-08
3.62794027643e-08
3.80376902917e-08
3.73622070479e-08
4.21752443704e-08
3.80011216594e-08
3.68931293004e-08
3.85992312442e-08
3.7516220228e-08
3.81260527665e-08
3.2614150144e-08
3.96626064101e-08
4.11402774381e-08
4.29752321986e-08
4.19891664919e-08
3.65288594899e-08
3.57719732067e-08
