4.05111585086e-05
3.01421274722e-05
2.0698667172e-05
1.84936887165e-05
1.01464704073e-05
3.00396173746e-05
2.7734094478e-05
2.41422905394e-05
2.75032162719e-05
2.13341919696e-05
2.11518224538e-05
2.81235936408e-05
3.63774854339e-05
2.82779422946e-05
3.27839403881e-05
3.37629853172e-05
1.99739155966e-05
2.75122709353e-05
3.39565819553e-05
2.75461496864e-05
2.86380987009e-05
3.27024631933e-05
2.09582587026e-05
2.77844880888e-05
2.95859269863e-05
3.43959635636e-05
3.51600783636e-05
9.85596114231e-06
2.33402472455e-05
2.2369117486e-05
2.74597064883e-05
3.07380532081e-05
2.73074228808e-05
2.95071222746e-05
2.48635906696e-05
2.57469341481e-05
2.74035224077e-05
2.94223162024e-05
2.10739987539e-05
2.55814727456e-05
3.36293211172e-05
2.42186584326e-05
2.8998926286e-05
3.22202372577e-05
3.33196169826e-05
3.08659625722e-05
2.08540723497e-05
3.30979527255e-05
2.52421336161e-05
3.73590558903e-05
2.60956392977e-05
2.51574652361e-05
3.79752393331e-05
2.92612576059e-05
3.11694704487e-05
2.67412554852e-05
2.67299286709e-05
3.40012043309e-05
3.18689990104e-05
3.73137849091e-05
2.26211289463e-05
2.84955966692e-05
2.88884767542e-05
2.40201349167e-05
1.64552761229e-05
2.54499211595e-05
2.85242567525e-05
3.09319186126e-05
3.08972802356e-05
1.91905264758e-05
2.08119448604e-05
3.40860571215e-05
3.17550969788e-05
3.49479681091e-05
2.56493942954e-05
3.15836417395e-05
2.56124218936e-05
3.19980417789e-05
2.73345802885e-05
2.56093861024e-05
4.02758441984e-05
2.22450570924e-05
3.07350673995e-05
3.38681085629e-05
1.95506072713e-05
3.76346170734e-05
3.23890290866e-05
2.71092261634e-05
2.72833620333e-05
3.00792013808e-05
3.28454418838e-05
2.81798814471e-05
2.13028840177e-05
3.28922899305e-05
3.5109516106e-05
2.7407533851e-05
3.07281898695e-05
3.04419626941e-05
2.01837484941e-05
2.99419953913e-05
