3.29802264438e-06
1.34722183248e-06
6.65664403214e-06
4.50037803697e-06
4.02167421596e-06
1.02506641757e-05
4.98364845174e-06
3.6417351752e-06
3.55657551293e-06
2.43402400099e-06
4.298695937e-06
1.09697768934e-05
3.09373556693e-06
1.06264209526e-06
5.54917060919e-06
7.95467981127e-07
2.1521583019e-06
1.68845270639e-05
3.51567346271e-06
7.23544397542e-06
5.72547532632e-06
2.18221854918e-06
1.182059804e-05
8.1663979362e-07
8.05822328522e-06
1.05369997368e-05
6.1876469038e-06
3.92322347853e-06
2.20829826706e-06
3.25497115837e-06
9.973639866e-07
6.90308725154e-06
1.83607977319e-05
6.24859604752e-06
3.6582440789e-06
1.28893781455e-06
4.23675451966e-06
4.4599990272e-06
2.70763839953e-06
7.33410609213e-06
3.47902036002e-06
7.54480037494e-06
6.5881841735e-06
5.40713097699e-06
3.77538233748e-07
1.72405635435e-06
1.34119965157e-06
1.04730055477e-05
3.68598614688e-06
7.92848416394e-06
5.63541895781e-06
6.36540443815e-06
2.06523052575e-06
6.40730798793e-06
1.82797538795e-06
1.18324937876e-06
6.38048317028e-06
2.38329412684e-06
7.40630910725e-06
7.7276330904e-06
6.77910894166e-06
3.75025767172e-06
1.56598952514e-06
5.30064779265e-06
2.27537866989e-06
8.62388196352e-06
9.44335092841e-06
1.4863120635e-05
5.16749535683e-06
2.40430047924e-06
2.78317437387e-06
6.1406386166e-06
8.37840729122e-06
2.05675585828e-06
4.30837666224e-06
3.46911719616e-06
3.45277100265e-06
7.18322670061e-06
6.24378814683e-06
8.38453842046e-06
4.15003161695e-06
1.66958682119e-05
7.68562400032e-06
6.93740275936e-06
3.19793967153e-06
9.28366106982e-07
1.06566811145e-05
7.2303655246e-06
8.47391776174e-06
6.29521505131e-06
9.39737419484e-07
4.78929922277e-06
4.91908175289e-06
3.64936275183e-06
5.97573360977e-06
1.71624842079e-07
1.13007705112e-05
1.12158704717e-06
1.32719378719e-05
7.89208311861e-07
