0.00688320886869
0.00966685168007
0.00979820101952
0.0103383417832
0.00874521976106
0.00952403336663
0.00915426150098
0.00655980394319
0.00998679131713
0.00872778301577
0.00839517341333
0.00916783918507
0.00987826703585
0.00975309285792
0.00928227679655
0.00958451922417
0.00913351243555
0.00857242056278
0.00873783946383
0.00933278974293
0.00965598942981
0.0112795005924
0.0101266675973
0.00886148681432
0.00905702787919
0.0103857767552
0.00951390840407
0.00967318790609
0.00882121191097
0.00896058640136
0.00948437775579
0.0101582149166
0.00989941027784
0.00949478711198
0.00903366282793
0.00960068180759
0.00970568259529
0.00985657766981
0.00890329417785
0.00949932508902
0.00995849570788
0.00802503326147
0.00867496701099
0.0104172432189
0.00908583168732
0.00956463416063
0.00686799151193
0.00924810679346
0.00977952006604
0.00662412859138
0.00755340780199
0.00941792838517
0.00961870675906
0.0102916033548
0.00826588373487
0.0109440029525
0.0096029887572
0.00950188127676
0.00911192611343
0.010051904117
0.00929181979487
0.00929371519565
0.00734935928503
0.00956528804266
0.0086624000394
0.00997864475103
0.00896846661824
0.00725014088999
0.00930206449059
0.00924367171694
0.00673076764868
0.0103619854895
0.00837549477702
0.00784845458887
0.0090672349808
0.00933067573047
0.00749331343485
0.00918209844276
0.0096628348284
0.0102001912415
0.00988611212003
0.00945102727546
0.00844877197913
0.0101222563191
0.00906427128783
0.00999349089219
0.00875734598635
0.00894998258724
0.00794750509947
0.00901467379059
0.00974508812141
0.00993112508754
0.00851371916433
0.00634328732367
0.0109030468656
0.00845486183783
0.00967873532293
0.00766857973462
