0.000449487780349
0.00036566284868
0.000406008676359
0.000359152075011
0.000446604564231
0.000414503204579
0.000453006977227
0.000331907975825
0.000487350435629
0.000535122620202
0.000413052067322
0.000362541137082
0.000362446710831
0.000437262078066
0.000404221834096
0.000327242922139
0.000483335453996
0.000356888378859
0.000488541176523
0.000570745658409
0.000396683940497
0.000496067602405
0.000409139718785
0.000400901906623
0.000376776218343
0.000352852246329
0.000569352593054
0.000466644174687
0.000389616181619
0.000420516475166
0.000455923108989
0.000363957427229
0.000372631923192
0.000384372843966
0.000397845047778
0.000360561765828
0.000426643393933
0.000516354423424
0.000334814381534
0.000544074399019
0.000412024618785
0.00052087094527
0.000461345762801
0.000378964273797
0.000818800986902
0.000419532242988
0.000490473376243
0.000459137060566
0.000457136718063
0.000508473915265
0.000406133238239
0.000458803428003
0.000439181579715
0.000441729171442
0.000465279778189
0.000424724816553
0.000561233959742
0.000352112193305
0.000452999603653
0.000443640043385
0.000404304904228
0.000456440528273
0.000421807367471
0.0005168398084
0.000439995367496
0.000360790423602
0.000454091365098
0.000494875708087
0.000557804289519
0.000378611669413
0.00045101247763
0.000366732921733
0.000479607465339
0.000439228966051
0.000422432392982
0.000400688893064
0.000429543708839
0.000505950726632
0.000495197645333
0.00036237234688
0.000369750802613
0.000447605524768
0.000398790604115
0.000520775268947
0.000363514630296
0.000387547417084
0.000565277550331
0.000458739777274
0.000345088341318
0.000397311562328
0.000374933549908
0.000411491490379
0.000448166926079
0.000318333801298
0.000560131990091
0.00044811179527
0.000459509379485
0.000515103607595
0.000308273495888
0.000523230229213
