7.5124163599e-06
7.59649232686e-06
8.35562622304e-06
8.2081789712e-06
5.26268636598e-06
9.23996399691e-06
1.13353912859e-05
2.63065998817e-06
7.66802364227e-06
6.89165915331e-06
8.67532918099e-06
6.48067304845e-06
7.34646463643e-06
6.76827218385e-06
9.35305969026e-06
8.25651645448e-06
9.43751828824e-06
8.78612995893e-06
1.08829202741e-05
7.16666390091e-06
9.83387228441e-06
6.78128360266e-06
9.53732662448e-06
6.30855128536e-06
8.1083342952e-06
1.18762644826e-05
6.93323344637e-06
5.8952724087e-06
6.96046269682e-06
1.15361055061e-05
6.76950650987e-06
8.82864695451e-06
1.04331118311e-05
6.87758526852e-06
1.22714093759e-05
8.82793134709e-06
5.64532256576e-06
1.20879067059e-05
7.69353987363e-06
1.03730468126e-05
8.10591751518e-06
1.35123646553e-05
6.76861553551e-06
6.71901914909e-06
7.99391938089e-06
6.34326959517e-06
1.32556382293e-05
1.08075813622e-05
7.54858127032e-06
7.52259508793e-06
1.12292776644e-05
9.06669169073e-06
6.3769574532e-06
9.25216100609e-06
9.80146986615e-06
9.88046899484e-06
1.20203725305e-05
1.04934508069e-05
1.13216451992e-05
5.85863125911e-06
7.28641246566e-06
5.07586103655e-06
6.36098520432e-06
6.24461865306e-06
9.81480457259e-06
9.04261616531e-06
6.39364898377e-06
1.08090278505e-05
7.84985136318e-06
7.97896377569e-06
7.06838271964e-06
7.81560396528e-06
1.01816464976e-05
7.74887349348e-06
6.8969189735e-06
7.5200401155e-06
5.793102039e-06
9.32322499984e-06
8.09493668086e-06
9.60884258682e-06
7.39437649185e-06
8.01426868558e-06
7.23300448338e-06
7.36926431945e-06
7.57721606308e-06
8.07740152109e-06
7.14631390518e-06
4.72575517233e-06
8.91617901267e-06
7.30017015048e-06
8.25687828388e-06
6.50840973491e-06
9.22238438071e-06
7.92838160561e-06
7.07682869704e-06
5.89099966432e-06
7.17072945927e-06
