0.000100666413693
7.41722277619e-05
9.38743249902e-05
8.94860803957e-05
8.43176928417e-05
0.000100817392901
7.91094897537e-05
0.000102967548927
9.38394492881e-05
9.40541346514e-05
0.000101959600825
4.18936901457e-05
9.41232765919e-05
9.38177806375e-05
9.64635280542e-05
9.29860457152e-05
0.000106434539017
9.63675133572e-05
0.000589899130471
9.28427928466e-05
0.000101503537216
0.000101110266584
0.000102698088431
9.49375819866e-05
8.22704167954e-05
8.94988255705e-05
9.16279816342e-05
9.59094497174e-05
9.9407775195e-05
0.00010181845553
9.00007550699e-05
8.90423790686e-05
8.9857354371e-05
8.42700637318e-05
9.36722883925e-05
8.37393085303e-05
9.83688299108e-05
9.03123994874e-05
9.39414479307e-05
8.88645624939e-05
9.45330235369e-05
0.000103557662291
9.19009777217e-05
9.55480999433e-05
8.42338154413e-05
9.16621958395e-05
9.48299215239e-05
9.04273460693e-05
9.15060651661e-05
9.06693287353e-05
0.00010090906155
8.74449203006e-05
9.21245507027e-05
9.43231231584e-05
9.05911148439e-05
8.66028249307e-05
9.17534280234e-05
0.000102149959113
9.65013840372e-05
8.78614999314e-05
8.58795622904e-05
0.000102241693154
9.29361370156e-05
8.76134187183e-05
9.23551626592e-05
9.44456188689e-05
9.14321319468e-05
0.000103968955302
9.04163033255e-05
9.39733325487e-05
0.000103798141259
9.25367866281e-05
7.7007369761e-05
9.37732667328e-05
9.13705687089e-05
8.78257625521e-05
8.27327598692e-05
7.42975140646e-05
9.56325118782e-05
8.97497444572e-05
9.90056035871e-05
7.47608633394e-05
8.27329881816e-05
9.874172134e-05
8.72281075373e-05
8.41941412495e-05
9.93418035462e-05
8.00994870103e-05
8.66022299266e-05
8.98234760555e-05
8.33726597904e-05
8.98466441762e-05
9.97098911164e-05
0.00187589876833
9.50626165728e-05
9.79985993275e-05
9.12668224847e-05
0.00010638390311
0.00010405885413
9.29710533805e-05
