8.29484756791e-07
9.15200174817e-07
1.02980186761e-06
5.53545217835e-07
9.46082380096e-07
7.02230983708e-07
7.30314723765e-07
4.78634772318e-07
1.14604494994e-06
1.1439093752e-06
9.48610249023e-07
6.51442877106e-07
8.30706516242e-07
5.81949145399e-07
6.95244202804e-07
9.04461357779e-07
5.85672125509e-07
4.74541983556e-07
9.55190404113e-07
8.95147988718e-07
1.01532797625e-06
3.81690783421e-07
5.28055124142e-07
5.87797270421e-07
1.30549286308e-06
6.48624493566e-07
5.38689248608e-07
7.87986826069e-07
6.80330999172e-07
6.96028156839e-07
8.04463302909e-07
1.1297151535e-06
1.1307048772e-06
7.79040051419e-07
7.06859496984e-07
1.03378410281e-06
9.01423837125e-07
7.93246429291e-07
8.4775928352e-07
6.91764494744e-07
8.93841001657e-07
7.71036128004e-07
6.92677635078e-07
1.35826711416e-06
8.82756553927e-07
6.26603233213e-07
4.80791405702e-07
7.83006941417e-07
6.54867863209e-07
7.75276658665e-07
8.073410684e-07
5.39936219029e-07
1.01762912224e-06
9.52863141556e-07
9.48785762232e-07
1.20765934402e-06
1.09224811647e-06
9.14439362e-07
6.64660214435e-07
7.4156963921e-07
1.053975017e-06
8.91823630405e-07
8.33262016532e-07
6.61328892985e-07
6.76333588273e-07
8.1138220147e-07
9.78347613752e-07
8.30879614567e-07
7.66292437276e-07
8.19501324534e-07
4.74783400446e-07
9.56183118724e-07
9.78093111567e-07
9.59378094646e-07
1.07970505223e-06
8.22679231428e-07
6.38025700572e-07
5.28166412035e-07
6.96252497123e-07
1.07654490281e-06
1.25714543973e-06
8.20830296368e-07
5.9971758524e-07
8.46309466852e-07
5.85831111141e-07
9.16518898047e-07
1.66097221414e-06
7.27152985943e-07
1.12269465917e-06
5.23496709273e-07
5.17933257904e-07
7.98918086601e-07
5.81176195734e-07
7.18745896645e-07
9.89266561942e-07
1.10094043464e-06
6.80675623783e-07
9.62486423825e-07
