3.7615921612e-08
3.13271360312e-08
3.83099329709e-08
3.89716103032e-08
2.99933252855e-08
3.97491160774e-08
3.40115858257e-08
3.84918701094e-08
4.19900747882e-08
4.16984806254e-08
3.6662233171e-08
4.2124003026e-08
3.75299885999e-08
4.00310417273e-08
3.69549367981e-08
3.31941440566e-08
4.47254072702e-08
4.05272224591e-08
3.77753838599e-08
3.99074361642e-08
3.89333218526e-08
3.6882259183e-08
3.83241192376e-08
3.13735703158e-08
4.16480775952e-08
3.58396344624e-08
4.19349002092e-08
4.1541284528e-08
3.78066765131e-08
3.54501848785e-08
3.85235845805e-08
3.63136560953e-08
3.87879692436e-08
4.19337618247e-08
3.58086253167e-08
4.05319789956e-08
3.64334232614e-08
3.63391240073e-08
3.82836119093e-08
3.95398891415e-08
3.89753194453e-08
3.52315570146e-08
3.96532975476e-08
3.8427852106e-08
4.12546555064e-08
4.08989461508e-08
3.33239494173e-08
3.83932783722e-08
4.11930079185e-08
3.98348094839e-08
3.76131238556e-08
4.04547984544e-08
3.51135599554e-08
3.80219692996e-08
3.83094879447e-08
3.90104662384e-08
3.71077004915e-08
3.83923815879e-08
4.10143020526e-08
4.2077280863e-08
3.88233157183e-08
3.74269929561e-08
3.47207376726e-08
3.34867712267e-08
2.6445266678e-08
3.98107639167e-08
4.14800929691e-08
4.04924320215e-08
3.54493613107e-08
4.30730093134e-08
3.28141985821e-08
3.49375646719e-08
3.65089385532e-08
3.61364407975e-08
3.59983976556e-08
3.6987965931e-08
3.61046800273e-08
3.70840978328e-08
4.11122354872e-08
3.55050228344e-08
3.66394018764e-08
3.76689572091e-08
3.77957634507e-08
3.5999073289e-08
3.63954633771e-08
3.81792397375e-08
3.74334701027e-08
4.22931209635e-08
3.80642202204e-08
3.6980215854e-08
3.86229938253e-08
3.7490377088e-08
3.44352796052e-08
3.2613138515e-08
3.98286789572e-08
4.11970092959e-08
4.31174440079e-08
4.22804255915e-08
3.6655867835e-08
3.57860639952e-08
