8.63118831936e-05
7.97501636048e-05
7.8210857173e-05
7.84084807277e-05
7.72590380737e-05
8.85881630789e-05
7.85099579107e-05
6.95676269859e-05
6.63527627678e-05
7.92271083453e-05
3.79943885056e-05
9.74442942586e-05
8.26320261188e-05
0.000116939179006
8.14931329074e-05
9.14577636582e-05
8.63476313822e-05
8.19756894968e-05
0.00011584685772
4.36520673529e-05
7.19338804206e-05
2.11199709432e-05
5.12519937562e-05
8.16797195639e-05
6.83081757159e-05
0.000120769744408
9.51372962997e-05
8.2102960534e-05
0.000114969105653
5.77790472743e-05
4.49525565359e-05
8.53006020985e-05
8.25594789385e-05
7.75152888479e-05
6.40825350228e-05
5.24008638341e-05
5.78753866663e-05
0.000135206347681
5.73718395204e-05
0.00011736332576
3.3862325366e-05
9.79409046259e-05
6.91029732825e-05
9.14874557064e-05
7.097312948e-05
7.11932134731e-05
8.8608586287e-05
8.16480386339e-05
3.94716791269e-05
3.87857323841e-05
6.369561414e-05
9.33893804272e-05
4.9941039372e-05
7.24156188077e-05
6.73938608108e-05
0.000107938677623
6.45700500476e-05
4.49589887567e-05
7.49490043845e-05
8.5535497313e-05
4.00448977651e-05
7.45254847225e-05
4.25829347012e-05
6.27061705068e-05
8.26667363366e-05
8.63326637283e-05
7.65203357853e-05
4.78665267864e-05
6.14256048599e-05
2.28882534904e-05
7.6301567717e-05
8.0366947958e-05
7.09000434918e-05
8.30841542493e-05
5.58696136748e-05
4.071098853e-05
3.26642973127e-05
4.03997170163e-05
7.46927978581e-05
8.58936018852e-05
8.02434811079e-05
4.90223726119e-05
0.000117075046115
6.22363516502e-05
8.7695692352e-05
0.000103489505897
2.97125114833e-05
8.50586980342e-05
3.47126726605e-05
8.86722809698e-05
8.20698491957e-05
0.000101096804535
8.6321005608e-05
7.71157298606e-05
7.40760800002e-05
0.00010785875697
0.000123297390401
9.90756322424e-05
5.77195352677e-05
3.83619736358e-05
