1.26189037954e-07
1.13224126297e-07
1.0907830372e-07
1.22823254367e-07
1.07393439984e-07
1.09326597608e-07
8.95035281751e-08
9.66548518858e-08
1.08611142584e-07
1.13045178687e-07
1.08629600833e-07
1.23159484354e-07
1.10079709088e-07
9.29552305692e-08
1.11388609613e-07
1.13748276643e-07
1.2864564589e-07
9.89990203691e-08
1.00891521922e-07
1.16096009055e-07
1.05410038992e-07
9.2702057178e-08
1.09498436233e-07
1.03335948082e-07
1.01853393837e-07
1.09966174413e-07
1.16844742549e-07
1.08443034409e-07
1.15982330912e-07
1.18653733405e-07
1.13867437137e-07
1.24553470688e-07
1.07141761763e-07
1.19242354233e-07
4.28730512972e-08
1.27536881245e-07
1.04387705684e-07
1.12498135892e-07
1.27852713248e-07
1.13965949566e-07
1.10196387608e-07
1.20110509547e-07
1.24675292188e-07
9.65873646807e-08
1.21019652589e-07
1.24842199359e-07
1.04952696574e-07
1.12737782238e-07
1.19795942535e-07
1.03398674559e-07
1.04719657899e-07
1.1289881378e-07
1.02841285613e-07
1.06101628728e-07
1.1416639768e-07
9.33907887107e-08
1.13549978045e-07
1.13534313529e-07
1.37704647032e-07
1.30974782192e-07
1.22358535199e-07
1.055855095e-07
1.01259189579e-07
1.10788428389e-07
6.24385040004e-08
1.17968219161e-07
1.21415928092e-07
1.13696603175e-07
1.14323025538e-07
1.09730864077e-07
1.15105286139e-07
1.13851968458e-07
1.16659119163e-07
1.16895270835e-07
1.02736441155e-07
1.22044771269e-07
1.16181824733e-07
9.80765355934e-08
1.12791649305e-07
1.05735356613e-07
1.02005372793e-07
1.1331754053e-07
1.06942069391e-07
1.11618204146e-07
1.18516097325e-07
1.10257836485e-07
1.18551965033e-07
9.83395724648e-08
1.18680105797e-07
1.0013600603e-07
1.34257759964e-07
1.04651150822e-07
1.20796630863e-07
1.04086469225e-07
1.12015556652e-07
9.51250078308e-08
1.20365044911e-07
1.17954445628e-07
1.16026765182e-07
1.16335590921e-07
