1.16784085742e-05
1.18263309664e-05
1.35726061386e-05
1.04765861734e-05
1.31522743481e-05
1.12789416104e-05
1.3552426505e-05
1.37322238275e-05
1.21062606725e-05
1.05723655414e-05
1.29263774082e-05
8.54115236342e-06
1.08835616312e-05
1.29223896431e-05
1.23062499477e-05
1.16577862042e-05
1.18646804474e-05
1.17630570818e-05
1.33300286349e-05
1.31616280585e-05
1.44577527545e-05
1.16250888084e-05
1.30027186795e-05
1.24937226801e-05
1.03321353272e-05
1.11975571338e-05
1.1863789469e-05
1.17716773795e-05
1.1637647765e-05
1.16511463819e-05
1.28764141882e-05
1.29998056337e-05
1.35164793095e-05
1.17251892107e-05
1.18728233741e-05
1.29104247765e-05
2.73658909481e-05
1.23754504556e-05
1.21291856313e-05
1.27547542673e-05
1.16253308628e-05
1.28880818411e-05
1.20160189412e-05
1.24760967238e-05
1.09166022821e-05
1.25817925776e-05
1.21806300709e-05
1.10868304528e-05
1.26021952847e-05
1.15044543492e-05
1.19392477412e-05
1.22423541338e-05
1.13894784413e-05
1.04959324351e-05
0.000416525413957
1.31224083287e-05
1.45664615124e-05
1.39230681176e-05
1.29703953429e-05
1.11289333807e-05
1.17053802366e-05
1.16437429259e-05
7.41302657449e-06
1.19743912179e-05
1.08355041859e-05
1.08633033475e-05
1.15083783489e-05
1.19420364568e-05
1.22645136533e-05
1.1612883986e-05
1.18870469135e-05
1.40661247654e-05
1.20552611509e-05
1.23200450416e-05
1.09926953722e-05
1.35156877769e-05
2.61963094334e-05
1.13199559578e-05
1.17459727987e-05
1.05424738173e-05
1.25257911613e-05
1.28929973515e-05
9.83507363349e-06
1.10464908387e-05
1.19190062878e-05
1.27211736573e-05
1.42221409554e-05
1.1314906269e-05
1.2417668816e-05
1.32672440907e-05
1.10868482616e-05
1.13451485676e-05
1.26919877628e-05
1.13714068561e-05
1.10009271186e-05
1.16851307227e-05
9.57196167108e-06
1.2421602881e-05
1.28022299335e-05
1.12266181742e-05
