0.000789405293412
0.000469947790357
0.000632614093599
0.000906143181442
0.000779791427713
0.000711103096485
0.000919010751495
1.24013264845e-05
0.000760860737979
0.000647685452372
0.000793211417553
0.000878552891115
0.0007562182288
0.000526320606162
0.000808065116881
0.000827439190747
0.000688134118686
0.000705885443801
0.000741138916342
0.00104378925246
0.000869225534004
0.00079964243955
0.000718633685189
0.000682134521157
0.00108568267606
0.000822920535529
0.00087688511742
0.000871248001444
0.000934434041151
0.00076812863706
0.00113964188959
0.00101252591626
0.000682510296265
0.000745985671907
0.000700443675954
0.000548472513601
0.000914768445173
0.000431641094721
0.000669282480746
0.000766885092285
0.000591950003881
0.00127726400519
0.00109456910839
0.000534392889326
0.000669252051894
0.000988719249578
0.000739924999791
0.000719564909165
0.000820211278797
0.000847723904635
0.0010921094841
0.00111838576073
0.00059743075801
0.00111841731878
0.00058751188256
0.000885635631917
0.000843972285404
0.00123995597239
0.000918089264867
0.00106604769752
0.000554932000865
0.00058815939457
0.000991722290725
0.0009823030985
0.00091330410461
0.000758773791618
0.000681980733907
0.000592130590697
0.000587652323772
0.000840862536287
0.0009863534557
0.000793154307254
0.000676982161504
0.000847497113685
0.000601133408253
0.00106353969068
0.00127823402359
0.00116444876119
0.000774618126547
0.000515045184736
0.000977075634653
0.00100400538235
0.000679185545203
0.000680284579715
0.000718347316216
0.000747684638698
0.0010369289159
0.00113927101519
0.000556067554211
0.000919930314487
0.000608810216223
0.0010167033023
0.00133779629454
0.000756609201183
0.000751860430813
0.000982355276428
0.00077739923907
0.000661450924331
