0.00686544214043
0.00969436047605
0.00989679085757
0.0103604356828
0.00878632339081
0.00957252124586
0.00912316804865
0.00659433336784
0.00989575063442
0.00873712766707
0.00843475527989
0.00919689501873
0.00991817427627
0.00980556128847
0.00926533605403
0.00959413995158
0.00914214597404
0.00861098176147
0.0087198406071
0.00935772522865
0.00960161300614
0.0112758074829
0.0101488869461
0.00887431903403
0.00908672949747
0.0104603762289
0.00953077979979
0.00967365574819
0.00877754656307
0.00900180136104
0.0924023643778
0.0101817128118
0.00989083692823
0.00950194998142
0.00907224684936
0.00962418074806
0.00972767838216
0.00986206342042
0.00890534500367
0.00948287094969
0.0099729494832
0.00802178949103
0.0086800281338
0.0104579038877
0.00910516793034
0.00964146417438
0.00700888791405
0.00920982721804
0.00977659445012
0.00676971148856
0.00756693704846
0.00942153184942
0.00963876386058
0.0102913634278
0.00824392421208
0.0702284822539
0.0096474193162
0.00954162592909
0.0090780209792
0.010063293611
0.00928385486103
0.00927786145229
0.00740790506248
0.00956181292606
0.00866035791307
0.00993174887157
0.00896338845488
0.00725269283289
0.00931763700693
0.00925447879503
0.00686667989177
0.010347262438
0.00840923750315
0.00784947382122
0.00901389585889
0.00933763215215
0.0074893085786
0.00919206297797
0.00964722265718
0.0101779543092
0.00990922654502
0.00945666622865
0.00844631663165
0.010150179175
0.00907649655032
0.0100416530643
0.00879468692757
0.0089715923179
0.00793404699717
0.00901443549234
0.00974736521713
0.0100306682805
0.00854336505857
0.00639668905205
0.0109013770805
0.00846982611179
0.00969492226888
0.00768419499906
