4.06506846465e-05
3.03402096368e-05
2.12045540618e-05
1.89207494102e-05
1.05735953747e-05
3.07193681012e-05
2.83449692973e-05
2.47848180773e-05
2.78396858608e-05
2.16645778179e-05
2.14539730691e-05
2.83284251031e-05
3.70640910998e-05
2.84291464098e-05
3.31855826661e-05
3.41450616187e-05
2.03307340922e-05
2.77603476626e-05
3.48070802379e-05
2.76312273463e-05
2.88028854149e-05
3.27241136351e-05
2.15490677913e-05
2.81060282631e-05
2.91919542904e-05
3.44446133271e-05
3.57040626059e-05
1.45715780962e-05
2.36527113313e-05
2.24845998341e-05
2.76031112269e-05
3.09997157615e-05
2.76663229943e-05
2.97816526125e-05
2.47071916886e-05
2.59320308372e-05
2.75985936456e-05
2.95937384358e-05
2.12230394174e-05
2.58404699635e-05
3.39667828333e-05
2.45908230401e-05
2.94407555321e-05
3.22899860618e-05
3.35637843487e-05
3.11727110581e-05
2.09269114816e-05
3.34533840133e-05
2.54225095653e-05
3.73350018008e-05
2.6455676656e-05
2.57003189662e-05
3.7931873007e-05
2.93663688382e-05
3.1643289809e-05
2.69209121112e-05
2.6978734951e-05
3.37092178845e-05
3.19523840607e-05
3.75062866156e-05
2.28590731937e-05
2.87553851061e-05
2.91605627004e-05
2.42329465599e-05
1.65402991761e-05
2.5373722427e-05
2.91316782472e-05
3.04929232643e-05
3.13208439226e-05
1.95730955131e-05
2.11308421699e-05
3.44923262786e-05
3.21814789336e-05
3.46651542941e-05
2.59302700518e-05
3.20878665231e-05
2.5604085842e-05
3.21492177339e-05
2.73640653608e-05
2.60146894539e-05
4.07589234744e-05
2.28320891474e-05
3.12182240991e-05
3.38210576058e-05
1.97751379271e-05
3.85721302518e-05
3.25428612402e-05
2.72490856157e-05
2.43894462923e-05
3.00489055872e-05
3.33657793132e-05
2.86170006855e-05
2.14157431495e-05
3.33666689742e-05
3.55699359915e-05
2.79692474332e-05
3.10675870652e-05
3.12227797472e-05
2.02551775271e-05
3.01476042153e-05
