0.00387964429637
0.0103137067814
0.011614905305
0.00528474903416
0.00710356105206
0.00878324203815
0.00432072739816
0.00686677293803
0.0132262748127
0.0110657109638
0.00995934297523
0.0107287124755
0.00620303057198
0.00281123246937
0.0093588939066
0.00796594433788
0.00326640701424
0.00319208035266
0.00204916228298
0.00765084291705
0.0070144402823
0.00583793484289
0.00455125175665
0.0088794138391
0.00162775553287
0.00832227674981
0.00518260114428
0.00942322493417
0.010846147283
0.00739965297999
0.00978525640582
0.00737513802206
0.00482066149893
0.00334916550346
0.0109721696262
0.00621351937599
0.0125684737588
0.00539975733236
0.00429279686829
0.00698447585298
0.0091300793009
0.00892492701372
0.00813643684759
0.00819892981208
0.00827715825418
0.00280850025616
0.0130162961367
0.00121854489563
0.00903833738571
0.013620348474
0.00846929238049
0.00581570543915
0.00932268040112
0.00534796650953
0.010331175275
0.00856317153503
0.00600258339481
0.00906669866987
0.00665084282205
0.0102483092915
0.0100704228665
0.00472032881514
0.00672526409507
0.00668020347846
0.00644593668859
0.00885721980713
0.00842011492581
0.00719099419033
0.0159457109862
0.00705213662901
0.00671873584012
0.00191938528988
0.00761076458778
0.00914897180097
0.0103796728109
0.00862514880922
0.00324322096404
0.00158881320551
0.00712891568887
0.0063394173638
0.012076180371
0.00703626105086
0.00661591300957
0.00388817616143
0.00718892157202
0.00969158684779
0.00530104556642
0.0096898160135
0.00677457333086
0.00530973435072
0.011536519586
0.00265049917742
0.00750558328597
0.00889260637993
0.013468517326
0.00653611002824
0.00574264855708
0.00923757875883
