7.14808182012e-06
3.62976455395e-06
3.89911691465e-06
3.77087238659e-06
4.3394900868e-06
4.0829781319e-06
4.088017371e-06
4.2611293921e-06
3.58402713475e-06
3.97719364417e-06
3.66006377653e-06
3.44241658611e-06
4.09215239713e-06
2.64898563166e-05
3.91874658459e-06
3.35351801916e-06
3.80056441339e-06
3.90060415386e-06
4.0834480717e-06
4.08618052993e-06
4.07307570484e-06
4.05414170286e-06
3.49265082794e-06
4.04349850532e-06
3.84969203351e-06
3.94402307664e-06
4.0902041131e-06
3.84049469912e-06
3.5495262333e-06
4.62050932118e-06
3.74295769329e-06
3.76599439175e-06
4.04866650245e-06
3.2551141796e-06
3.62461066753e-06
3.89180286249e-06
4.22774598848e-06
4.05275525145e-06
4.0833179113e-06
4.27313889798e-06
3.71899086484e-06
3.91061021086e-06
4.31196934517e-06
3.87384378631e-06
3.37398661906e-06
3.88146509631e-06
4.26104129729e-06
4.53845262559e-06
3.57229003548e-06
3.67297855622e-06
3.6564969512e-06
4.05932275586e-06
4.0172918714e-06
3.99199627064e-06
4.0894748223e-05
4.50550132254e-06
4.59131418759e-06
4.38365756515e-06
4.00757329961e-06
3.2870419433e-06
3.38752923094e-06
3.81211376596e-06
3.28971466976e-06
3.87601564235e-06
3.69381034849e-06
4.00477721e-06
3.93531463607e-06
3.6357977991e-06
3.75491397415e-06
3.59108884831e-06
3.55430709943e-06
3.68473130462e-06
3.63168390844e-06
3.58704136492e-06
3.86922911263e-06
3.657101647e-06
1.01976989977e-05
3.47151993872e-06
3.73907911271e-06
3.86305972458e-06
3.99545987289e-06
4.24422794347e-06
4.17374919213e-06
4.54618576537e-06
3.65701372451e-06
3.60401413455e-06
3.89472321904e-06
9.81767413275e-06
3.9247370314e-06
3.12387667449e-06
5.3669326162e-06
4.26119008846e-06
3.97538745085e-06
3.4123503122e-06
3.8987768563e-06
3.79933337652e-06
4.24277208349e-06
4.07838509998e-06
4.33686849853e-06
4.35101137129e-06
