7.27673551736e-06
2.31870896133e-06
2.51043895624e-06
3.20652643325e-06
3.43599447252e-06
3.08091566382e-06
4.84860743605e-06
3.11315317752e-06
4.27941589345e-06
3.17703231894e-06
2.44947705115e-06
3.40355354018e-06
2.39805696045e-06
2.58272220457e-06
3.3189016321e-06
4.86591653586e-06
3.06901709417e-06
2.80402630685e-06
4.6609218013e-06
4.01569630219e-06
2.40864046011e-06
2.2140162657e-06
2.81151677354e-06
3.77395774194e-06
2.91088334498e-06
2.29757285058e-06
4.95422390824e-06
3.76912193719e-06
1.30290242199e-06
3.2233780162e-06
3.04841543222e-06
3.17105321563e-06
4.53209122449e-06
2.63589991097e-06
3.60170077127e-06
2.50126661931e-06
3.11170158216e-06
4.37163459757e-06
2.36569162429e-06
2.88297135504e-06
4.13728253277e-06
2.77290960234e-06
2.35042084524e-06
1.19140399209e-06
3.26018679027e-06
2.92106838374e-06
3.2080433074e-06
2.54084047502e-06
2.02271295779e-06
4.34891718088e-06
2.73660773134e-06
4.16572807935e-06
5.0368416815e-06
4.38409519865e-06
3.2584597151e-06
4.55248381847e-06
2.7101949172e-06
4.26285913306e-06
2.8499310372e-06
5.56777511539e-06
3.49496826648e-06
3.66185462776e-06
4.72175535054e-06
2.65113525742e-06
3.28032892717e-06
2.12321786572e-06
4.70996727965e-06
1.412371235e-06
2.39407277306e-06
3.13091251241e-06
2.2357050812e-06
2.73618792007e-06
2.77967755146e-06
2.44425042706e-06
3.793011032e-06
4.91917161586e-06
3.11364272985e-06
3.28945800156e-06
3.95730676105e-06
2.80791388948e-06
2.40270277129e-06
2.93086137021e-06
2.18833314896e-06
2.82555474068e-06
2.67576922324e-06
3.70027641908e-06
2.87467543581e-06
2.44483868091e-06
3.05231081415e-06
2.26529170422e-06
2.86949837846e-06
4.12705440588e-06
2.53953165218e-06
2.16842450573e-06
3.48399741215e-06
3.43625614017e-06
4.51338069325e-06
2.73197370574e-06
4.1798036542e-06
3.45232493684e-06
