8.32652479085e-05
7.26605613497e-05
0.0001252002969
6.87776565813e-05
6.30795524204e-05
0.000126366124569
7.22480323781e-05
3.79929103937e-06
8.93839068339e-05
6.4918648685e-05
8.19791463373e-05
9.31904977323e-05
6.90720095594e-05
6.11903914031e-05
0.000105964718277
7.90324433282e-05
6.37239021131e-05
9.85767913575e-05
0.000126166822392
0.000108828145372
9.57894995423e-05
9.24017033199e-05
0.000117782291263
0.000109434968711
6.48515350005e-05
7.55307939581e-05
8.1416441786e-05
9.79551971075e-05
0.00011750894862
0.000106019645754
6.28929115195e-05
6.21998341447e-05
0.000118111115684
5.8886721298e-05
6.92271541894e-05
4.55034831277e-05
7.52075971993e-05
6.6851472544e-05
9.23539793209e-05
0.000122160670835
7.84467445532e-05
0.000101195528253
6.97648915346e-05
8.88035628726e-05
9.29673772028e-05
0.000100279827504
3.85616357604e-05
0.000100672993661
7.91429294631e-05
0.000105290320342
0.000111264993844
7.76282750999e-05
7.44469111629e-05
5.208268448e-05
0.000108574459787
8.31155433264e-05
8.57932874556e-05
8.11592878802e-05
6.47015594214e-05
8.49730939648e-05
9.21398178637e-05
8.91312370436e-05
7.51300089554e-05
8.36070698405e-05
8.32166129843e-05
8.44116005829e-05
6.83052878567e-05
9.24134510689e-05
0.000106241955524
9.02802932871e-05
6.72950448614e-05
5.42000611535e-05
4.46158566877e-05
8.82585234557e-05
6.65963037006e-05
8.17643679575e-05
0.000110645059159
0.000104420845938
8.25016461989e-05
0.000102296315413
8.53613093351e-05
0.000134016731894
9.02605390212e-05
6.02879371391e-05
8.20591909044e-05
5.54836667103e-05
7.58782692179e-05
5.80126226853e-05
6.68936874589e-05
7.93947326122e-05
0.000130973354046
4.89444541797e-05
0.000110413851339
7.15287588747e-05
7.78028439079e-05
6.70412999561e-05
