7.29561027715e-09
7.62697918207e-09
7.49139182972e-09
7.9358184022e-09
7.85577653017e-09
7.96997509785e-09
9.21591368041e-09
7.94505606705e-09
8.51672966358e-09
7.89439551735e-09
7.96955436868e-09
7.69155684196e-09
8.1936875055e-09
8.80810503596e-09
7.24212444055e-09
7.15883997081e-09
7.35695216769e-09
7.79877283387e-09
7.59411676074e-09
8.15924060041e-09
6.89180075169e-09
7.64074738942e-09
7.65025468672e-09
8.01810588612e-09
8.72811209827e-09
8.29449266734e-09
7.20832357809e-09
7.93783405168e-09
8.99561749161e-09
8.14708212367e-09
7.98851003147e-09
8.21662371423e-09
8.17362797011e-09
8.45399760717e-09
7.53735977796e-09
8.1122171003e-09
7.53026679023e-09
7.94611907274e-09
8.53656819038e-09
7.9450010001e-09
7.06945429803e-09
8.00079888571e-09
8.26771490584e-09
8.30039742837e-09
8.69734008623e-09
7.88027137985e-09
8.2794457317e-09
6.72798044984e-09
8.36668207031e-09
7.99936306793e-09
8.95522258599e-09
7.7566199603e-09
8.31307494626e-09
7.98815740114e-09
8.02564762794e-09
8.02555441353e-09
7.40882305056e-09
8.32130028237e-09
7.77860686715e-09
7.38997058168e-09
7.28903544176e-09
7.10463002401e-09
7.12834382079e-09
7.18952719654e-09
7.90741261313e-09
6.49626005132e-09
7.93937436893e-09
8.16238500826e-09
8.74188540928e-09
7.64056272118e-09
8.10912168801e-09
7.65592713534e-09
6.61309702134e-09
7.36272788562e-09
7.60994857653e-09
7.5569636793e-09
8.42959902285e-09
8.10503814737e-09
7.56768626948e-09
7.78692131578e-09
7.94930387173e-09
7.87741348606e-09
7.54872154868e-09
7.26614847875e-09
8.51468762197e-09
8.48331881015e-09
7.60057029182e-09
8.03262570384e-09
8.63329046595e-09
8.40232283174e-09
8.42428471178e-09
8.31168875987e-09
7.57301578676e-09
8.05945172328e-09
8.0808387192e-09
7.80467801735e-09
7.8433231568e-09
8.38757250962e-09
7.25075809093e-09
8.11692489484e-09
