8.39031259752e-07
9.29145318008e-07
9.33513316244e-07
8.15628451691e-07
1.33285597571e-07
7.21293596553e-07
8.63601152765e-07
7.42552321217e-07
6.65455798234e-07
8.37125430367e-07
8.25718638619e-07
9.12476807942e-07
9.22697322559e-07
8.14452703789e-07
7.77056099359e-07
7.70617037054e-07
9.3082689911e-07
8.0462008429e-07
8.73161070583e-07
8.36877608861e-07
8.35210498717e-07
9.12590372878e-07
8.67798200586e-07
8.84900599922e-07
8.71764872172e-07
7.71442383269e-07
8.28154025103e-07
8.62408569937e-07
8.97976425307e-07
8.04572759672e-07
8.66943634313e-07
7.95846644814e-07
8.28380440278e-07
9.08788718616e-07
9.89628275607e-07
9.40432375057e-07
8.9047318117e-07
8.10104791638e-07
7.88534308521e-07
8.61890677847e-07
9.39092108164e-07
7.97098590861e-07
8.13698305749e-07
5.1549214235e-07
8.83280448197e-07
9.06030452398e-07
8.42606420685e-07
8.15616352654e-07
8.39289121445e-07
8.40310209108e-07
8.55229081866e-07
7.9588203164e-07
3.51052996525e-07
9.06898095362e-07
8.58705339254e-07
7.42381905006e-07
8.15151843353e-07
1.01996932352e-06
9.96115326651e-07
8.5510641648e-07
8.56840128325e-07
9.12651823657e-07
7.56293102978e-07
8.47326242759e-07
4.24275882252e-07
9.18489234229e-07
8.64178426225e-07
7.11444693615e-07
8.85980854664e-07
8.1914546953e-07
7.64271515264e-07
8.83026634366e-07
8.5356953697e-07
8.5714170341e-07
9.13686854146e-07
8.2669534854e-07
8.44923388436e-07
8.90402984525e-07
8.55540465238e-07
8.99326274963e-07
8.23321730219e-07
8.16093376289e-07
8.31925938843e-07
8.26537441679e-07
9.06861925454e-07
9.31934913925e-07
8.40850406746e-07
8.10417725944e-07
8.85968854689e-07
7.15401110629e-07
8.2859552375e-07
8.038641863e-07
4.84612043627e-07
8.3996120834e-07
8.16224464946e-07
8.5450299634e-07
7.94648076674e-07
8.50801389616e-07
8.84545699244e-07
9.29672856186e-07
