7.09074622446e-07
8.00728410147e-07
7.0905616281e-07
8.67022621822e-07
7.95643159133e-07
8.27544909331e-07
8.00095105488e-07
7.075287441e-07
7.55209609279e-07
7.71761129762e-07
8.18145201144e-07
7.65035470159e-07
7.43799524302e-07
6.51631788394e-07
7.7455118222e-07
6.91973516507e-07
8.31046169252e-07
8.2711433781e-07
7.77572048479e-07
8.34721760659e-07
8.03470177125e-07
8.00847083e-07
8.43586054341e-07
7.19666999092e-07
7.74581839466e-07
7.39028522821e-07
7.38664514299e-07
7.46567088512e-07
7.69530310138e-07
8.0829851141e-07
6.47657680879e-07
8.31426322943e-07
7.87927363102e-07
7.85993592083e-07
7.20494970375e-07
8.11203098837e-07
7.22786297503e-07
7.39176177433e-07
8.08569482196e-07
8.24605486439e-07
8.43857752253e-07
8.79847810606e-07
8.34723355542e-07
7.75347745085e-07
8.43003278112e-07
8.30356486888e-07
7.64186563869e-07
7.58644309413e-07
8.36786842538e-07
7.25107088293e-07
7.65989878061e-07
7.83462110367e-07
7.47499967328e-07
7.88051295912e-07
8.07644306783e-07
7.16857942974e-07
7.87658534224e-07
8.13755898705e-07
7.16647926197e-07
8.06100980637e-07
7.30223279784e-07
7.36522131465e-07
7.31226114986e-07
7.9986254892e-07
8.03242230614e-07
7.26142878747e-07
8.02870007515e-07
7.72273729537e-07
8.51281215727e-07
7.50792986056e-07
7.60626752679e-07
7.6321021409e-07
8.27613113117e-07
7.22726834089e-07
8.51856661714e-07
7.68249314438e-07
7.93446929403e-07
7.58742794369e-07
7.23735751363e-07
7.8883199536e-07
8.34035215083e-07
7.97001755058e-07
7.43878854999e-07
7.7492285084e-07
7.7990877147e-07
7.4716959677e-07
8.03917992087e-07
7.11806362674e-07
7.53237579157e-07
8.15999768783e-07
8.09315554562e-07
7.12564962343e-07
8.70259634708e-07
8.21323168375e-07
8.7878676647e-07
7.42288020645e-07
7.71783659683e-07
6.68536934453e-07
7.62042785955e-07
6.75740646699e-07
