0.00197180970607
0.00217040353519
0.00115109268593
0.00229084179029
0.00200229647059
0.00165797430443
0.00349788665182
0.000920835476408
0.00297116332517
0.0017644898057
0.00109142803343
0.00169063515492
0.0020828913734
0.00208400265718
0.00227046637594
0.00183498267068
0.0018188990901
0.00240898670329
0.00149802591702
0.00220238507527
0.00175576075323
0.00107568899566
0.00105662761505
0.00235984504635
0.00171932752761
0.00266481548286
0.00174440546139
0.0018993901121
0.00150974079716
0.00176279269178
0.00147977185457
0.00157861690462
0.00199361167354
0.00266907215838
0.0016647951691
0.00225691734444
0.00210735603291
0.00216137424146
0.00136170550951
0.00195287956881
0.00165222024973
0.00283598190468
0.00164442073924
0.00156930326483
0.00171641702369
0.00195706585293
0.00198859770122
0.000567227349349
0.00244916204493
0.00173263328733
0.00245233237843
0.00157744499102
0.00173334867311
0.00187922363763
0.00228414367508
0.00245483575807
0.00200734045352
0.00144573938578
0.00215506004107
0.00141981132059
0.00169985358844
0.000964206050382
0.00132687835128
0.00197491068857
0.00229823782749
0.00243352925519
0.00224515367246
0.00177925985744
0.00101814868372
0.0010229661785
0.00182931154455
0.00134040480747
0.00267162155484
0.00127739643245
0.00214503166685
0.00272853688232
0.00154100515105
0.00244147454879
0.00203350475401
0.00158071769709
0.00183048759818
0.00172531920287
0.00209532760637
0.00158197611454
0.00181421490576
0.00194131352276
0.00157670787729
0.00192977896107
0.000711499899009
0.00123934615243
0.00242655434124
0.00159650668467
0.00225083204289
0.00217967056182
0.00225753602164
0.00166149221949
0.00230927550561
0.00226712900222
0.00258873795735
0.00222994187984
