0.000734084237314
0.00044890167078
0.000615908059064
0.000879253875733
0.000758379587981
0.000655918499503
0.000873650717356
1.23923243706e-05
0.000735741851937
0.000597446341667
0.000738534836365
0.000697044283701
0.00073723926594
0.000454188931882
0.000814809242748
0.000774748858477
0.000675087151806
0.000713637198223
0.000736403169685
0.000928989723832
0.000782114514569
0.000740067317687
0.000637897522008
0.000762570096355
0.000996890714829
0.000782970865921
0.000849228378265
0.000927497442404
0.000971840993904
0.000831496214765
0.00106259723138
0.000951757511155
0.00060434541719
0.000765028331626
0.000539527978332
0.000525143163346
0.000756893308126
0.000414317253033
0.00066949656745
0.000757347056673
0.00057709246808
0.00132212296425
0.00103085227871
0.000525050414923
0.000661752379833
0.000960107592497
0.000643289011393
0.000650118381699
0.000817503291841
0.000821131709576
0.00108434653867
0.00108101811282
0.000646670641395
0.0011087093612
0.000519699512017
0.000861544083093
0.000795524802611
0.00124691889504
0.000896633988703
0.00113481699726
0.000526495979031
0.000521120953108
0.00103699598258
0.00100802886809
0.000887390461967
0.000736295330302
0.000663098205812
0.000549535466408
0.000549006935181
0.000721775256178
0.00113495798313
0.00073834368618
0.00068017709264
0.000839840333112
0.000604337877286
0.00108088901272
0.00125082634294
0.00115267762354
0.000763592114216
0.000461976582887
0.000908259253492
0.000985132909315
0.000707719621741
0.000647561280971
0.000660939433832
0.00074235540764
0.00108798528882
0.00117169917722
0.000541338858686
0.000942156578746
0.000594130799076
0.00100994496625
0.00145861309959
0.000712042028931
0.000773846183137
0.000942118631231
0.000743319770684
0.000665744255598
