0.00355359715536
0.0103201941924
0.0124682256261
0.00556320565373
0.00867655979413
0.00898339517955
0.00474478708888
0.00755946397852
0.0141059402608
0.0107875659574
0.00806873129011
0.0106267175105
0.00609399351082
0.000489177780742
0.00943393987072
0.00713805237895
0.00168017711828
0.000507643506114
0.000467124306956
0.00752027104439
0.00641609267211
0.00694840062123
0.00495173478182
0.00862463208168
0.000411780945724
0.00820131142776
0.00496550032028
0.0097431266184
0.0101255337863
0.00830424855418
0.0098129235895
0.00775848809696
0.00519040166925
0.00118038940618
0.0107245349682
0.00589529484616
0.011862178922
0.00615137076249
0.00527387642231
0.00691510811155
0.00871295140136
0.00880385258499
0.00778944200448
0.00817263661114
0.00827498925505
0.000430718510403
0.0119602486157
0.000437809766184
0.00827136722541
0.014155514682
0.00806762252622
0.00558878604026
0.0100059053002
0.00617592296489
0.0102006449778
0.00889931643346
0.00652852764842
0.00901507268839
0.00760000420022
0.00822346440032
0.00785658937538
0.00496246302931
0.00650444823315
0.00765151158146
0.0061666763384
0.00862388904551
0.00790519093453
0.00705079203518
0.0152204080902
0.00777658093053
0.00722841035221
0.000455420627162
0.00812027857796
0.00982985619998
0.0120405616199
0.00907175718498
0.00111585375637
0.000463053118101
0.00737129059265
0.00597383755816
0.0120922282766
0.00781660104894
0.00701855499631
0.00464910164338
0.00727943001532
0.00861388621325
0.0057373706311
0.00912102879609
0.00753304278688
0.00632190877904
0.010433286608
0.000459393022846
0.0070390521872
0.00948142582441
0.0138521075089
0.00723003879642
0.00629843371272
0.00942373856388
