1.25278707146e-07
1.12981034773e-07
1.09155612297e-07
1.22691808661e-07
1.06960587112e-07
1.08726836166e-07
8.92793141168e-08
9.69670363682e-08
1.08320376497e-07
1.1260105016e-07
1.08332814955e-07
1.23047806029e-07
1.09492934074e-07
9.30765445755e-08
1.11007033339e-07
1.13343497624e-07
1.28059513008e-07
9.879520029e-08
1.00910612102e-07
1.14785769448e-07
1.05231643155e-07
9.21330199878e-08
1.089597312e-07
1.02972091288e-07
1.01668892226e-07
1.09658448378e-07
1.16080490669e-07
1.08341816387e-07
1.1562978904e-07
1.18570924019e-07
1.13557697736e-07
1.23902319272e-07
1.05915130099e-07
1.18609985157e-07
3.48458328829e-08
1.26934689777e-07
1.04099761352e-07
1.11499897615e-07
1.28221717886e-07
1.1300895549e-07
1.09641807228e-07
1.19671114909e-07
1.24586590424e-07
9.60122830047e-08
1.21221456622e-07
1.25348684853e-07
1.04540374446e-07
1.12033077522e-07
1.18647071366e-07
1.03302897781e-07
1.04314560729e-07
1.12150851315e-07
1.01868650652e-07
1.05371525089e-07
1.13589970522e-07
9.32749294855e-08
1.1348119622e-07
1.13439118012e-07
1.37450854675e-07
1.30595338421e-07
1.21426737788e-07
1.05118435523e-07
1.00552290803e-07
1.10055293815e-07
6.56608071873e-08
1.18079361988e-07
1.20983796274e-07
1.13477895608e-07
1.14264367835e-07
1.10159247223e-07
1.14584807246e-07
1.13521482936e-07
1.16702989403e-07
1.16045172348e-07
1.02270967583e-07
1.21527217427e-07
1.15340772163e-07
9.77827134776e-08
1.12642320467e-07
1.04978008565e-07
1.01447907912e-07
1.13546825215e-07
1.05709710191e-07
1.11167730186e-07
1.18761285158e-07
1.10456298707e-07
1.18144759847e-07
9.78827199117e-08
1.18897166178e-07
9.98642029554e-08
1.33622058644e-07
1.0415175713e-07
1.20251136661e-07
1.04077532715e-07
1.11655816234e-07
9.48612259805e-08
1.19998174333e-07
1.18600929689e-07
1.14939976544e-07
1.16243027606e-07
