7.85786997006e-07
8.5476786839e-07
9.4889028663e-07
5.51531945124e-07
8.77198216563e-07
6.60540286265e-07
6.91311170545e-07
4.71003971629e-07
1.11374062944e-06
1.10764685168e-06
8.60389075009e-07
5.70260918603e-07
8.17453337016e-07
5.3662211437e-07
7.10646817317e-07
9.46057136988e-07
5.46541168185e-07
4.32857578284e-07
8.43808177442e-07
9.14314119495e-07
1.01438673872e-06
4.11272211316e-07
5.13445908077e-07
5.20351510766e-07
1.28586365421e-06
5.71485200548e-07
4.64046143104e-07
7.52066765126e-07
6.01843922383e-07
6.34622024907e-07
7.48828241626e-07
1.14597938957e-06
1.15643246993e-06
7.76410812191e-07
5.57200346096e-07
1.03948077749e-06
8.71405605358e-07
7.71075728095e-07
8.60971417827e-07
6.87957109458e-07
7.44001755876e-07
7.86896382216e-07
6.45205623152e-07
1.34227188079e-06
8.88198001616e-07
5.93790950393e-07
4.34193686826e-07
8.38181030646e-07
6.36767626284e-07
7.51642138333e-07
6.77669895939e-07
5.23401623091e-07
8.42714366912e-07
8.6942035023e-07
9.51922660188e-07
1.23391782043e-06
1.18731690373e-06
9.23576359048e-07
5.67109710704e-07
7.60153742893e-07
1.03183335774e-06
9.25271545044e-07
9.26134224575e-07
6.66785836037e-07
6.80493702912e-07
7.37995463714e-07
9.21439893178e-07
7.30879594401e-07
7.44415152013e-07
8.58558949397e-07
3.7460492569e-07
9.36993434563e-07
1.0002039088e-06
9.35097724194e-07
9.38868604551e-07
8.10081433674e-07
6.37232766958e-07
5.00287032856e-07
6.43631561338e-07
1.05843020111e-06
1.34304489416e-06
7.65777583431e-07
5.25256319425e-07
7.59198309887e-07
5.80085740311e-07
8.96938633315e-07
1.66693614238e-06
7.17221341653e-07
1.13219569889e-06
4.60545964002e-07
4.97104110759e-07
7.85399734149e-07
5.37970844233e-07
7.4745815864e-07
8.84560896858e-07
9.23178415152e-07
7.27723265899e-07
8.67155474847e-07
