4.0545560496e-06
3.64201748778e-06
3.8780756037e-06
3.75303492699e-06
4.31630876587e-06
4.09180769682e-06
3.90288448513e-06
4.25335485867e-06
3.5530108695e-06
3.9711429309e-06
3.66369413915e-06
3.44288600572e-06
4.10677096349e-06
4.07628443942e-06
3.92015713134e-06
3.35965697434e-06
3.80588379295e-06
3.89628667656e-06
4.08587162094e-06
4.07353202368e-06
4.06789904999e-06
4.02566350178e-06
3.49859937424e-06
4.03313893229e-06
3.84907044793e-06
3.92833367525e-06
4.07085736053e-06
3.82074484265e-06
3.54123432888e-06
4.61546909666e-06
3.74942039571e-06
3.77448594322e-06
4.04681574038e-06
3.30238245891e-06
3.60453053029e-06
3.89364885062e-06
4.19546995167e-06
4.05781059409e-06
4.08799819375e-06
4.27212441736e-06
3.7051635264e-06
3.91285249271e-06
4.29885034745e-06
3.8663118743e-06
3.35033520955e-06
3.87959051849e-06
4.24287453592e-06
4.49970203635e-06
3.56344789171e-06
3.67465969713e-06
3.65985679433e-06
4.07025209301e-06
4.0177886955e-06
4.00568844804e-06
2.06728284078e-05
4.48934699721e-06
4.59319945157e-06
4.40345154151e-06
4.00883337299e-06
3.28903435025e-06
3.38831268421e-06
3.81814884728e-06
3.26652479605e-06
3.86619565179e-06
3.70726362528e-06
3.99228419476e-06
3.9359164448e-06
3.61927830426e-06
3.75331814335e-06
3.59813715152e-06
3.54754079139e-06
3.68390846502e-06
3.64081586345e-06
3.57048969128e-06
3.88739848955e-06
3.64691266572e-06
3.94932436826e-06
3.46098140625e-06
3.71798109349e-06
3.8576837939e-06
3.99822845458e-06
4.24120650657e-06
4.17245516027e-06
4.53996575545e-06
3.64701031295e-06
3.59976703251e-06
3.87960063207e-06
3.78606343681e-06
3.91890004353e-06
3.11406451835e-06
4.17254150663e-06
4.22759385944e-06
3.97390205131e-06
3.41036402282e-06
3.92096176001e-06
3.78334693755e-06
3.87154720423e-06
4.04878256986e-06
4.32819293157e-06
4.34468979322e-06
