0.000134916632352
7.93387455187e-05
0.000175441405418
0.000104559388166
8.64715958523e-05
0.000146349683412
0.000185712639753
7.6761684035e-05
0.000157924962416
0.000143669088784
5.79544965048e-05
0.000121793146193
2.37407957307e-05
0.000113154489652
9.79607541316e-05
0.000101706930288
0.000198139578647
0.000101287905612
9.71102300258e-05
9.34322693622e-05
0.000117410364996
6.60053946848e-05
8.8195488606e-05
0.000114884576054
0.000107070082317
0.000203480172717
0.000124714805665
0.000171841949505
0.000231336199178
5.39864521481e-05
6.7680675815e-05
9.23321692538e-05
0.000107780923151
5.70094945084e-05
7.38384020678e-05
9.75935155435e-05
0.000139888624468
0.00017256627418
0.000106579931176
0.000129417313299
7.47534222092e-05
9.73839391142e-05
7.55347749658e-05
0.000177471858272
3.92532840661e-05
0.000135450587215
0.000200538640742
5.0546028905e-05
6.60861506713e-05
5.56331315194e-05
0.000108722717507
8.47434751917e-05
9.73662993781e-05
5.05172652079e-05
8.05335790234e-05
0.00010843529138
0.000120297850919
6.82956090393e-05
0.000183090416545
9.57302722415e-05
5.88727423013e-05
0.000114311716848
7.06542328589e-05
0.000106397301303
7.56386129405e-05
0.000169669132309
0.000113510672773
2.35198110736e-05
0.000161937451865
6.57892087014e-05
7.63908552849e-05
0.00015956946653
7.51249961949e-05
8.92643664692e-05
8.94867549941e-05
0.00010229050434
6.52009152679e-05
0.000100296922352
0.000127419692029
9.99964000274e-05
0.000123167845161
4.32778859564e-05
0.000146615060374
5.26314382988e-05
0.000115384248689
0.000241456126771
9.05638455325e-05
8.47837503515e-05
7.38271205276e-05
0.000140757422965
0.000110210819985
8.191759832e-05
0.000127835641245
0.000125173243803
0.000129988201912
4.00698513109e-05
0.000124893616881
0.000108565207062
5.6750082296e-05
0.000113735232868
