2.73899860777e-10
7.96506686689e-06
7.17639556423e-07
1.1064325875e-05
1.39696935255e-07
9.18126421367e-06
1.37038973602e-05
3.51523877434e-06
1.10942149197e-05
7.47947058277e-07
1.21238761155e-05
1.05925098804e-05
9.13563263737e-07
4.1339057463e-05
4.35310789352e-07
4.17297727888e-06
4.58474476706e-07
8.89241977269e-08
9.45859768495e-10
2.50454449735e-14
6.73597145158e-07
2.71470212217e-11
5.70091963534e-06
2.06059485833e-10
2.51253582796e-06
4.18961744751e-06
1.48033823731e-06
5.08744263916e-06
6.01495558354e-06
6.25581956942e-06
1.01443282048e-05
5.3606638374e-06
1.54832707118e-05
5.04063210868e-06
6.80085738749e-06
5.6276520937e-06
9.11653241689e-06
1.36000587914e-07
9.97808002957e-07
6.94541561859e-06
5.01092274561e-06
8.50829573185e-09
4.17924398125e-06
3.09762189312e-09
1.00710834313e-05
2.78420015449e-06
4.850098967e-07
4.60953819877e-07
5.1069143413e-06
4.23943699161e-07
5.93601684888e-07
2.57377342971e-06
6.83931309977e-06
1.78285317697e-07
5.72255788676e-06
2.94717968342e-13
9.68211853457e-09
4.13484994226e-05
1.58223386384e-10
7.05826483958e-06
5.19573675661e-06
5.64651123039e-06
2.88085107175e-06
2.96784265937e-06
3.05632333774e-06
7.33798601394e-06
2.44815001375e-10
4.83595091102e-22
6.79376981163e-08
2.09985111351e-06
1.67822373356e-06
1.17745244093e-11
9.09357879416e-06
3.27979259435e-08
6.65543325446e-12
1.16897566501e-09
8.0356992615e-08
3.81509430605e-06
3.68506441025e-05
4.70197737599e-06
1.5870473466e-06
8.90367733957e-06
9.57078419677e-07
4.3506059883e-06
6.8238482848e-07
7.37305978153e-07
4.85648833159e-06
1.26617428393e-06
2.08861524138e-05
2.28036889038e-06
3.75209064465e-07
3.60651677254e-06
4.41239548217e-06
2.21506189058e-05
5.79562750992e-06
4.44699705668e-06
4.43161683151e-15
9.33660499615e-06
4.10551518997e-06
3.39588251873e-10
