8.18396275948e-06
8.30548203512e-06
8.13559462105e-06
8.17841815032e-06
3.14034218526e-06
7.83970021483e-06
7.74841091298e-06
7.0742784438e-06
7.27337617167e-06
8.23719042827e-06
7.87510951423e-06
7.30016662955e-06
8.36583923732e-06
8.58348592195e-06
7.57327177353e-06
8.07245335909e-06
7.64384736581e-06
7.51589857829e-06
8.39590278512e-06
7.43919299124e-06
8.14607778299e-06
7.4387098318e-06
7.06749894753e-06
8.20655392465e-06
8.18060128098e-06
7.76562310195e-06
8.0680317671e-06
7.60162402271e-06
8.06853917848e-06
7.23204131848e-06
8.30788909006e-06
7.36040973391e-06
7.16849680895e-06
7.74079215206e-06
8.94361242019e-06
8.39318238459e-06
8.39150905651e-06
8.52428246018e-06
7.96073834405e-06
8.17501109101e-06
8.03919112121e-06
8.70359866287e-06
8.78092409838e-06
7.70185388713e-06
7.23913280507e-06
8.51242243204e-06
8.52217432264e-06
8.94917333063e-06
8.18577357386e-06
8.45624817261e-06
8.74656748443e-06
7.5072646463e-06
7.83684726394e-06
8.57038821334e-06
8.08768576695e-06
7.82114271843e-06
7.13212941517e-06
8.39688533701e-06
8.83326638146e-06
8.31421741491e-06
7.85912579054e-06
8.73588157249e-06
8.1346938814e-06
8.97642752491e-06
1.20635545547e-06
8.23376898996e-06
7.1548246241e-06
8.48011663078e-06
7.83741097885e-06
8.44222338476e-06
8.05946077937e-06
8.05654529624e-06
7.12647374307e-06
7.49660671474e-06
8.85843676871e-06
8.93370999958e-06
7.24383597887e-06
7.81152983243e-06
9.06749163007e-06
7.4607512577e-06
7.57464256528e-06
7.89376440511e-06
7.16939488988e-06
8.34024415851e-06
7.02050754985e-06
8.00542646409e-06
8.6888164152e-06
8.6728808611e-06
8.23155256105e-06
7.54970700894e-06
8.70526707588e-06
8.26571650278e-06
1.11860946783e-06
7.66098688502e-06
7.99483126691e-06
7.83890438292e-06
7.52879004627e-06
7.17403287043e-06
8.04538621917e-06
8.60446869005e-06
