0.000539572141142
0.000374398474307
0.000250054324183
0.000238670272274
0.00030122990337
0.000352742884939
0.000325916543909
0.000273101040716
0.000334928105831
0.000234959345735
0.000254421298722
0.000306170142418
0.000483748794569
0.000356014367877
0.000438394021196
0.000411833718231
0.000230605252455
0.000325995980496
0.000433033724231
0.000339618022237
0.000331442261516
0.00040638728471
0.000239661836316
0.000340623788193
0.00042335318147
0.000426806450726
0.000432313538567
0.000322076257192
0.000260865844986
0.000229662171915
0.00034183892829
0.000389390765252
0.000328319108014
0.00037449535076
0.000290620084401
0.000300421065104
0.000325283163051
0.00034403495003
0.000300811724823
0.000299491986434
0.000402668944338
0.000291262783567
0.000361832829088
0.000396460480028
0.000374071925595
0.000351423096675
0.00030340320823
0.000451776836383
0.000256743402523
0.000459541983797
0.000334724567563
0.0003061500645
0.0004565801074
0.000363560467143
0.00037278371778
0.000351726118386
0.000329809781891
0.000443663220017
0.000355545027844
0.000462224751941
0.000214627910401
0.000336482901984
0.000340493155882
0.000296475577346
0.00048302943081
0.000321706547677
0.000367543054131
0.000374344545123
0.000383979503214
0.00021560452764
0.00027577714077
0.000431532930552
0.000376044445307
0.000437419848538
0.000258328478839
0.000367266150564
0.000308278369745
0.000376419726927
0.000312176511686
0.000328596607639
0.000555797635097
0.000279306384899
0.000349699706209
0.000411673673851
0.000245105341479
0.000508016639367
0.000401441124919
0.000324183228831
0.000287092556107
0.000344507257596
0.000413661105888
0.000330964645002
0.00024492547072
0.000399653934017
0.000458475764728
0.000326123296965
0.000379292156682
0.000384891275871
0.000235114679784
0.000331187230139
