0.00160809490915
0.000962135007365
0.00174878549505
0.0013114857954
0.00100927359629
0.00171836071885
0.00195852161308
0.00122085809339
0.00171654539274
0.00146411026669
0.000795686176841
0.0014013966405
0.000324314608836
0.00145904410275
0.00127690854492
0.00101798581378
0.0019692715203
0.0011015562146
0.00103403503195
0.00123270401174
0.00131997149552
0.000682090479267
0.0010887165695
0.00139693713508
0.00127987838932
0.00243628108829
0.00157800816096
0.00214041984521
0.00235530602806
0.000927015253675
0.000754150999857
0.000925689630756
0.0011240503803
0.000586569234416
0.000871649229429
0.00105446987173
0.00157424730281
0.00184228294849
0.00158166666571
0.0014026864566
0.000794495415463
0.00111989844803
0.000940288851984
0.00186564213351
0.000671963969006
0.0015011632302
0.00212765037327
0.000576846996353
0.00068579653521
0.000615662337672
0.00137308265893
0.00109442392981
0.00122852200727
0.000510307820698
0.000843060348196
0.0014507230385
0.00124235946244
0.0008453196538
0.00201636612318
0.000954184336825
0.000659212961042
0.00135670302628
0.000761823809878
0.00111747723594
0.000847718326599
0.00173680184803
0.0012363013601
0.000256552010921
0.00179058693661
0.000788454273803
0.000910401056222
0.00175542443554
0.000744665329126
0.00103118453495
0.00103066816897
0.00117119820039
0.000759941770915
0.00105601423149
0.0015425744172
0.00113941099575
0.00185145564018
0.000523522898784
0.00207900506142
0.000651479869439
0.00135194872719
0.00250202143636
0.00102092318467
0.000960379775636
0.000781902664111
0.00158623659876
0.00111786200738
0.00090820199439
0.00145821995924
0.00164901057985
0.00187985934512
0.000621483054524
0.00162404049057
0.00119906620119
0.000628499301713
0.00119729179088
