0.091294549396
0.090086409077
0.0952667025705
0.0923301876076
0.0886150580089
0.0978350922575
0.0875538311539
0.0896003337801
0.0882886351044
0.0959145168411
0.0883699158721
0.0886106161985
0.0924691748879
0.0977184681334
0.0909846297454
0.0952344197671
0.0860373625832
0.080728542786
0.0922143666066
0.104372664429
0.0991698034783
0.096397213723
0.0895174249304
0.0861477966255
0.0855484652386
0.0846397754608
0.0967692839923
0.0890281299693
0.0903027808978
0.0835862536011
0.0969981691966
0.0905088721164
0.0962814044671
0.0955650464989
0.0895242357349
0.0882862600428
0.0932623420602
0.0950972519521
0.0910559324805
0.0893477257327
0.0977009865025
0.0956374986757
0.0920820639388
0.0963813299275
0.0940354250356
0.0859012919585
0.0878024459027
0.0914430952522
0.0876457753987
0.0876689774886
0.0958438975628
0.0936985077882
0.0939686758719
0.086156757675
0.0985951245987
0.0789524380702
0.0963414688932
0.0956119482966
0.0930953434791
0.0905220127609
0.103322989252
0.0857641845083
0.0882027207109
0.0925266627035
0.0842916382018
0.138842729841
0.101333478308
0.0980620887041
0.0925385441548
0.0881573946392
0.0884902068505
0.092300805627
0.0937398326332
0.0928433741157
0.0951982199088
0.0886192296758
0.0896383102962
0.0890927121036
0.0975556094978
0.0801274218806
0.084843703897
0.0896095469629
0.0938324593825
0.100813661829
0.0961598242317
0.0962934546766
0.0877377600822
0.0909034864816
0.0908788307085
0.0883303151525
0.0929472542987
0.0907691777918
0.0938808924395
0.0971720159235
0.0849279265748
0.0868928847985
0.100226784335
0.0883588386347
0.0996597215209
0.0907357682908
