2.32077348274e-05
3.43893919605e-05
2.91094323804e-05
3.03772111604e-05
2.39528335721e-05
1.62949306819e-05
3.19205906444e-05
2.24852369238e-05
1.4462180686e-05
2.96023900783e-05
1.49245921535e-05
3.38066623344e-05
2.85105512828e-05
2.8886978304e-05
2.36264236947e-05
1.83938638194e-05
2.62011025836e-05
2.7696127373e-05
4.15608376324e-05
2.72340368536e-05
2.71147723153e-05
3.33024162523e-05
3.21058843997e-05
2.97833403429e-05
2.87916422859e-05
2.38891780712e-05
2.71777428168e-05
2.85217580037e-05
3.21305179165e-05
2.34011070656e-05
2.50331347157e-05
1.75857448833e-05
2.41796961791e-05
3.05270151331e-05
2.97232957946e-05
2.66936247604e-05
3.08752979242e-05
2.00317660498e-05
2.03867330566e-05
2.9640892236e-05
3.02904108935e-05
2.37582628998e-05
2.41551020688e-05
2.62066772512e-05
2.35257998476e-05
2.7184710215e-05
2.69957441165e-05
2.53736031016e-05
2.39853747708e-05
2.41108808319e-05
2.3927907155e-05
2.90617918413e-05
2.46734457629e-05
3.55030810675e-05
3.30943258601e-05
1.94272454792e-05
2.16510769776e-05
3.67675108127e-05
2.70103894541e-05
2.96667674995e-05
2.52978551915e-05
3.05753614091e-05
2.02038330647e-05
2.41867833362e-05
2.41971583342e-05
3.36602123841e-05
2.00124166908e-05
1.28768669409e-05
2.39879843879e-05
2.9924085178e-05
1.46775787185e-05
3.96961407409e-05
2.71307942562e-05
2.82568207825e-05
2.8107199827e-05
2.55419892272e-05
2.62887017399e-05
3.54301437885e-05
1.89994796774e-05
2.61013475034e-05
2.96089588361e-05
2.74948504388e-05
2.73437892389e-05
2.93048025443e-05
3.48592225918e-05
2.9796220109e-05
2.64626720403e-05
2.84088635579e-05
3.01073960236e-05
1.69797104682e-05
2.16377659238e-05
3.12731845343e-05
2.44238529334e-05
2.28405979878e-05
3.34002424923e-05
3.1859810688e-05
3.48539069935e-05
2.55532206829e-05
2.51770881712e-05
2.79469226063e-05
