3.93631955123e-06
4.04314188961e-06
2.30625440571e-06
4.61986575769e-06
1.55786131619e-06
2.43624458474e-06
3.65196668893e-06
1.99178695565e-14
2.58132520963e-06
1.10357812554e-05
1.93437903409e-06
4.64483916858e-06
2.0590214486e-06
9.46799936115e-06
1.2145308465e-05
3.03222532473e-06
5.05772150047e-06
3.29296161801e-06
4.65692254467e-06
4.60285047301e-06
4.26349125647e-06
1.50317481732e-05
5.262188695e-06
4.54391353637e-06
1.52592834006e-06
1.42941680344e-07
7.30335086507e-06
2.50374551782e-05
7.21635263433e-09
1.44314237674e-05
5.13665792578e-06
9.26064150295e-07
1.7768574591e-06
4.60306084254e-06
6.78051341529e-06
1.5056682256e-05
1.36090561662e-05
2.49382218831e-05
3.57272981841e-06
4.77792860664e-06
5.19285346085e-06
4.77784446535e-06
2.9176509873e-06
1.44327513548e-05
3.80879463955e-06
4.80613217265e-06
4.3106442618e-06
1.37583798446e-05
5.19476804353e-06
4.53363699261e-06
4.55594508576e-06
2.45091862571e-07
4.73112914032e-06
5.17130473592e-06
4.73846302807e-06
4.76015813247e-06
9.78603445803e-06
9.80584001014e-07
7.25172378877e-06
6.02432206263e-06
4.67570563367e-06
1.61535087484e-05
4.49389803692e-06
1.53028430694e-05
4.95702485522e-06
5.32489759225e-06
3.7374308232e-06
3.93590021759e-06
1.4702828098e-05
5.39945359539e-06
2.68169074034e-06
1.97434871663e-06
3.25163358166e-06
1.57686884097e-05
1.53441870679e-06
4.62630210048e-06
1.39937501223e-05
1.37216341775e-05
4.65132388967e-06
4.61463524354e-06
9.81193321811e-07
1.2766007531e-05
1.19004633471e-05
4.86382792523e-06
4.24469605601e-06
5.73929437908e-06
5.64302481757e-06
2.30163087119e-05
1.44917599586e-05
1.3326951563e-08
1.44290666879e-05
4.56106257297e-06
8.46452368897e-06
1.73443806794e-05
2.5876440528e-06
4.15669578525e-06
1.53418593422e-05
4.48932606666e-06
6.41976932036e-06
1.47442004203e-05
