0.00573670785135
0.00423752244351
0.00501986285604
0.00442255878704
0.0056050164099
0.00563700428791
0.00457073193294
0.00396137072739
0.00574061942143
0.00819207241974
0.00556209559003
0.00391676083747
0.00453379423491
0.00588203095709
0.00463527477675
0.00383775126564
0.00575567978144
0.00429205204569
0.00628220716235
0.00683411133997
0.00789620545839
0.00851704455616
0.00465450332081
0.00487008339007
0.00398622703934
0.00456771311015
0.00435154740761
0.00555172652004
0.00480464269296
0.00776461715097
0.00525783263684
0.0047616606445
0.00432522901196
0.00475012078053
0.00447215723083
0.00482911292769
0.00460211567816
0.00552726248901
0.00427914948604
0.00587715931677
0.00497935115204
0.00561058096623
0.00539584838254
0.00402243601312
0.00446308139382
0.00436108294097
0.00574166418774
0.00408773308613
0.00553509522276
0.0170078645966
0.00552388304126
0.00623222335615
0.00560585826114
0.00552631778866
0.00512144567518
0.00442974936346
0.00705877217081
0.00377489718304
0.00490870603984
0.00560620982668
0.0058043255005
0.00549549841094
0.00451914343351
0.00652844389735
0.0056002711107
0.00374969937535
0.00531201239077
0.0053859120134
0.00588271487112
0.00406933435488
0.00520846421992
0.00354900258842
0.00679819087564
0.00541752539648
0.00471547024795
0.00500575463543
0.00434396147733
0.0068183063851
0.00662634868962
0.00406405451991
0.00412932563748
0.004396597825
0.00570367072941
0.00521845498908
0.00410909661068
0.0057755303537
0.00650083196518
0.00518023991494
0.00526417814019
0.00502038371765
0.00418188726959
0.00542764026636
0.0065906429215
0.00369956715648
0.00704938930654
0.00395730070652
0.00611117136956
0.00507744762962
0.0038317411
0.00808805418066
