0.000272500124541
0.000412529941961
0.000277905519179
0.000481983784209
0.0004177950812
0.000510345002642
0.000221684841021
8.74383701256e-06
0.000462049365654
0.000525089863888
0.000468745227606
2.14690440264e-06
2.02285807964e-05
0.000466674085917
3.36799969058e-05
0.000358376785765
0.000165444711636
4.01679365125e-05
0.000146576889306
0.000517001231614
0.000471497954883
0.00013723754766
3.64494741411e-05
0.000370737980638
0.000428169491432
3.82740250087e-09
2.78322613987e-05
0.000412572536292
0.000449216683919
2.29955451835e-05
0.000511898420002
0.000364358217361
0.0004547615348
0.000367617249026
0.000477993306148
0.00034580990476
0.00050294630394
0.000455415448447
1.32302375845e-05
0.000494261244213
4.0883737476e-05
7.31759742951e-05
0.000358381952869
0.000178432645559
0.000373417765527
0.000475456864753
0.000458464325543
1.46475027883e-06
0.000500781223443
0.000168372300917
0.000454184514314
1.85291986228e-06
5.25061891072e-05
0.000466612535123
0.00016438851635
0.000192696542142
0.000295088297438
0.00045295459209
0.000385322377267
3.54910333976e-07
0.000377066832476
0.000526531862103
0.000417149901213
0.000479183822598
4.57796160107e-06
2.39282698278e-05
0.000433612192186
0.000383083840105
0.000347350125932
0.000224727088091
2.55116550866e-07
0.00012980805495
3.52620969747e-08
1.2041237992e-05
0.000102649352408
8.3772973454e-05
0.00018674814852
0.00043726713757
0.000447574849334
8.79378168583e-05
3.43817845449e-05
7.39787552048e-05
0.000490689937
0.000460539270199
0.000240301871219
0.000416263250031
6.98372595503e-08
9.58280017329e-05
0.000272939262992
0.000199821891176
0.000436317323764
0.0004700380456
3.66544004631e-06
3.3298520035e-07
1.25565584643e-05
0.000106164244775
0.000110528666071
0.000246217718793
0.000458780790639
5.36602257239e-08
