2.16390988587e-05
2.75829634645e-05
1.99248842638e-05
3.43058134803e-05
2.80386523735e-05
3.3021913491e-05
2.65971884494e-05
1.67082722678e-05
2.49259481377e-05
2.52847970888e-05
3.11323381309e-05
2.43043869834e-05
2.37358944966e-05
1.41922372886e-05
2.71479294137e-05
1.66535765116e-05
3.18517946635e-05
3.02264056046e-05
2.53037647195e-05
2.96483867296e-05
2.84356523401e-05
3.05200526284e-05
3.22295883393e-05
2.20912998716e-05
2.69059156089e-05
2.18081061431e-05
2.45171856483e-05
2.57634237957e-05
2.49717104421e-05
2.8241060312e-05
1.39607205179e-05
3.26829615139e-05
2.85632660679e-05
2.46046916721e-05
2.32518581503e-05
3.03472780526e-05
1.9074163538e-05
2.07791361696e-05
2.94120396133e-05
2.83105359832e-05
3.42443972074e-05
3.32878580322e-05
2.98224260689e-05
2.25501295267e-05
2.97703328063e-05
3.01624063202e-05
2.53973561023e-05
2.35183444121e-05
3.26157640639e-05
2.05387314745e-05
2.66338145695e-05
2.27365598439e-05
2.01889847318e-05
2.80452342395e-05
2.86058593844e-05
1.82020393699e-05
2.63794867439e-05
2.71827736383e-05
2.28816546153e-05
2.84458415716e-05
1.96952552088e-05
2.0517281481e-05
1.97519914865e-05
2.78727105548e-05
2.68187483539e-05
2.11880974744e-05
2.74714339513e-05
2.8658236286e-05
3.08714388816e-05
2.31511262994e-05
2.18048643446e-05
2.41067412939e-05
3.10263548486e-05
2.1984031345e-05
3.77445521118e-05
2.3004437514e-05
2.6680160614e-05
2.35378719413e-05
1.97869668959e-05
2.41823603062e-05
3.17145278223e-05
2.78645488414e-05
2.28495665055e-05
2.37282096083e-05
2.84286140562e-05
2.34714513198e-05
2.91375068223e-05
1.63430876616e-05
2.62166013113e-05
2.84152966491e-05
3.25366228847e-05
1.74691148552e-05
3.29812316797e-05
3.09506638999e-05
3.3397987335e-05
2.62347254072e-05
2.45513306538e-05
1.43482915977e-05
2.40363709924e-05
1.52914382827e-05
