1.84493854403e-05
2.68802548729e-05
2.9131470981e-05
3.98835395598e-05
3.05666863333e-05
2.39516482051e-05
1.91722518555e-05
2.94340982996e-05
2.62417688462e-05
2.74659798459e-05
2.5267689024e-05
3.71301795542e-05
2.75420464059e-05
1.94983868578e-05
1.85246066913e-05
2.27522445309e-05
2.85851201835e-05
2.08786159496e-05
8.17038994123e-06
2.73598245605e-05
2.61035204696e-05
2.32451607116e-05
2.75298266577e-05
2.11115641113e-05
2.13669044676e-05
5.89272793744e-05
4.46430123658e-05
3.11625322048e-05
2.79043683045e-05
2.38786413322e-05
2.31392110443e-05
2.56732435409e-05
2.00681843913e-05
2.4730475833e-05
2.9121337767e-05
4.14948070231e-05
3.6458057389e-05
1.98860597337e-05
2.13104335841e-05
2.45434252934e-05
3.06008078336e-05
3.47997136225e-05
3.13738082439e-05
1.75712109155e-05
2.60037910682e-05
2.70555067568e-05
1.72406616422e-05
2.89954024631e-05
2.22303896921e-05
1.85845689495e-05
2.8370354175e-05
2.62732871181e-05
2.27459974782e-05
2.20086021115e-05
4.33023931721e-05
2.86705264678e-05
3.38901980719e-05
3.78830651131e-05
2.21443444891e-05
3.1056266046e-05
3.01435780253e-05
2.21099746196e-05
2.94941058858e-05
2.89235857282e-05
1.70994475098e-05
2.33584034031e-05
2.46218304159e-05
1.87912109615e-05
2.35006211149e-05
2.90757360817e-05
3.02291842507e-05
2.04464665746e-05
1.81735151403e-05
1.92067848523e-05
2.20668057412e-05
2.83363911477e-05
1.47042909135e-05
2.40280206684e-05
3.20302987854e-05
3.23586031228e-05
2.08915339836e-05
2.85821280716e-05
3.56848100458e-05
2.80597497725e-05
2.75554649883e-05
1.77864951516e-05
3.69054949221e-05
2.29078949419e-05
2.64866743059e-05
3.70779553539e-05
2.72477032129e-05
2.6084181952e-05
2.54768864334e-05
3.17079530522e-05
4.106097364e-05
2.23082835927e-05
2.2456157303e-05
2.87111384939e-05
2.97066931234e-05
3.25633822163e-05
