2.37933941309e-07
5.74416688222e-05
2.49058584495e-07
4.94511837042e-05
1.53705747849e-05
0.000143615493207
0.000201355723766
4.3429445217e-05
2.72455545848e-05
3.56286815641e-05
0.000146176821038
0.000111260281465
1.93257941373e-05
5.54569409033e-05
4.346664799e-07
5.5601004829e-05
1.626295608e-05
2.5025682176e-05
1.87620316594e-07
9.59305929012e-06
1.54668902561e-05
1.67269854886e-07
5.7099709076e-05
9.13453758743e-06
1.41954564556e-05
7.74634330515e-05
3.01139413973e-05
4.6202671192e-05
8.42974900129e-05
6.00020987007e-05
0.000463142978183
5.50725437405e-05
0.000182765970678
5.45358161738e-05
7.69241235609e-05
4.09565946093e-05
0.00019358142644
5.00977186785e-07
1.00013983158e-09
4.53659066634e-05
9.14168580773e-05
9.42436979131e-10
7.34403448949e-05
6.69271333002e-05
0.000244445570107
2.90482737916e-08
2.21657961086e-08
4.67330468477e-05
6.23867876714e-05
8.24272785186e-05
2.98236496535e-05
4.59844629202e-05
0.000121993361078
4.25165446206e-08
6.29383002864e-05
1.50206831607e-06
7.50661005326e-08
0.000166652905412
4.6833283702e-07
5.89484850024e-05
0.00069536748108
6.74540117045e-05
3.91318158393e-05
7.02391868973e-05
0.00024603716934
9.34926947978e-05
7.53320989962e-12
3.87897047315e-05
1.03589998812e-05
4.33023077682e-07
7.67589143019e-08
1.45604949541e-07
0.000117745734682
8.73315995925e-07
2.4344185645e-07
4.07955060776e-08
1.97620726304e-05
5.18517577363e-05
1.10261618102e-08
1.62190436939e-05
3.6260313904e-05
0.000169475620043
1.83388088019e-05
6.04697568981e-05
0.000378667631505
1.12167111592e-08
4.76032293659e-05
8.02577141868e-06
0.00105256058715
7.10589977918e-05
2.79525106547e-08
3.74672521915e-05
7.05989653214e-07
1.4897852369e-06
6.66549817496e-05
0.000107028320143
6.17547708241e-09
0.000129447555923
3.91970580526e-05
2.45250959978e-05
