1.95091276893e-07
2.2979134709e-07
2.72725225026e-07
3.20219157034e-07
1.90297530996e-07
2.83402727227e-07
1.98881671342e-07
3.30668743479e-07
3.30647775234e-07
2.8130375035e-07
2.1449556547e-07
2.098592135e-07
3.17682291545e-07
2.71304483207e-07
2.55809562532e-07
1.83686630239e-07
2.59178453058e-07
2.52220599405e-07
2.42460042361e-07
2.2660382522e-07
2.32202354186e-07
2.90777253456e-07
2.67770680705e-07
2.96034574289e-07
3.06429620179e-07
2.76302844484e-07
2.37440012695e-07
2.4804974018e-07
2.12049245889e-07
3.19237215351e-07
2.25393737627e-07
2.28010937084e-07
2.53575886317e-07
3.41024801143e-07
2.75315330027e-07
2.48987699401e-07
2.80564127137e-07
3.72036806393e-07
3.05189169233e-07
2.47616468304e-07
3.22903615533e-07
2.8786949347e-07
2.63938786662e-07
2.82255435923e-07
3.33788122742e-07
2.67652048592e-07
1.45550951824e-07
2.68590303164e-07
2.64461504065e-07
3.25327533919e-07
3.28008475617e-07
2.50352829215e-07
2.78607439712e-07
3.44779801247e-07
1.21671309915e-07
2.79397767345e-07
2.56831690165e-07
2.32920591156e-07
1.94780557003e-07
2.34561625209e-07
3.24280840711e-07
3.21132654397e-07
3.27664881032e-07
2.84424263751e-07
2.34999962035e-07
3.74123215113e-07
2.75686656422e-07
2.0717261068e-07
2.81518717448e-07
2.77951921478e-07
2.8929220105e-07
2.93289285292e-07
2.72466243703e-07
2.86276111676e-07
2.98478950422e-07
2.40559881732e-07
2.83639556823e-07
2.74890078234e-07
2.56838862915e-07
2.59037028772e-07
1.92147341637e-07
3.05845305179e-07
2.92883190165e-07
2.89262898157e-07
2.51746940355e-07
2.75885012044e-07
2.68910784809e-07
2.78793732143e-07
3.53986182811e-07
3.13214824078e-07
2.87200597532e-07
3.20182671912e-07
3.061629104e-07
3.07263276147e-07
2.18921496977e-07
2.70761665876e-07
2.9133775513e-07
2.82370005362e-07
2.85546660795e-07
2.47838442138e-07
