3.3631578953e-06
2.40395384162e-06
1.57045216755e-06
2.50654857822e-06
2.71092867024e-06
1.35033150887e-06
2.46798100663e-06
1.38414447133e-06
3.56326584714e-06
3.57278106065e-06
1.14047923532e-06
3.48822189712e-06
6.69722594872e-06
1.47708504164e-06
3.2186332721e-06
1.38425481612e-06
2.9509790105e-06
3.48846733135e-06
6.36173541294e-06
3.10077966568e-06
5.01398834888e-07
9.02263690244e-06
3.39705211362e-06
4.1259310445e-06
4.51940729086e-06
3.52415229251e-06
5.63505186957e-06
5.52494764794e-06
3.38705549816e-06
6.57812835799e-06
3.19202539649e-06
1.60853677998e-06
2.70972956896e-06
1.63239129773e-06
1.75221625268e-06
3.61636998028e-06
5.60711902245e-06
2.39863240333e-06
3.60229382314e-06
3.64132593507e-06
4.51374008911e-06
3.40271909896e-06
1.50521031068e-06
7.12064953511e-06
4.49499016626e-06
3.50166881138e-06
1.40831855679e-06
4.76701188867e-06
4.6652587748e-06
4.58598891515e-06
5.06840080833e-07
5.71043179415e-06
2.0367225963e-06
5.66465822098e-06
2.49392389863e-06
7.50068598894e-06
3.56101004714e-06
3.57337898266e-06
6.12493738148e-06
4.97759133214e-06
2.39709841772e-06
2.93145067141e-06
2.42357765856e-06
3.89099051046e-06
3.4657124888e-06
1.12443584646e-06
4.49078213901e-06
1.30968110243e-06
2.45902115973e-06
6.09234470363e-07
3.82316578421e-06
1.15915054515e-06
3.34614568633e-07
5.5204101774e-06
1.8518206174e-06
3.48601734706e-06
7.95282089995e-06
2.43130151058e-06
3.57133112001e-06
3.16418780635e-06
4.50570526233e-06
2.8578207485e-06
4.66300186345e-06
3.30344838158e-06
5.61348074079e-06
2.31563386042e-06
3.3794464411e-06
4.02180606478e-06
2.46883235569e-06
4.6979342827e-06
3.4371489579e-06
3.46706396311e-06
3.49050859564e-06
6.32529480805e-06
3.40413619476e-06
1.32260734001e-06
2.5167938404e-06
2.99721383145e-06
2.40545034487e-06
1.17559615303e-06
