1.58033522189e-07
2.0398933135e-07
1.99661118988e-07
2.99566265305e-07
2.6230137645e-07
2.51040460948e-07
2.35775919476e-07
2.49177687706e-07
2.3909016368e-07
2.48584044008e-07
4.85061790839e-07
2.80536896647e-07
2.42011885643e-07
3.15049927005e-07
2.63905563573e-07
2.51207785149e-07
3.0631409186e-07
3.94679054513e-07
3.45789561662e-07
3.67754557682e-07
3.15930828618e-07
2.45910255536e-07
1.70438750338e-07
2.02678029978e-07
3.08730975937e-07
2.57882911735e-07
2.54603497863e-07
2.049207898e-07
2.50564074088e-07
2.11952326613e-07
2.08853597098e-07
2.0372203085e-07
4.4029449304e-07
2.8555745247e-07
2.27027845308e-07
1.35976108085e-07
1.87985982615e-07
4.90283243424e-07
1.67477624452e-07
3.22366570665e-07
2.87992544715e-07
3.45990889461e-07
2.74591721302e-07
1.98064866818e-07
2.70000168268e-07
3.34052752611e-07
3.97776844834e-07
2.93647031004e-07
5.29746318679e-07
2.9925116383e-07
2.48251849444e-07
3.41628636326e-07
1.95027186457e-07
1.88661900656e-07
3.04520154298e-07
2.23069545113e-07
2.0410194222e-07
1.75823036553e-07
2.48941660318e-07
3.9278584026e-07
2.19425434702e-07
2.09698805216e-07
2.68612311973e-07
2.70516209339e-07
2.70273901203e-07
2.78617647199e-07
2.80419602438e-07
3.16805458649e-07
2.98371041897e-07
4.15971890262e-07
2.6457948004e-07
1.89622853032e-07
2.94415964269e-07
2.20381274547e-07
2.01125568035e-07
2.09462645226e-07
3.28237397515e-07
4.41453453629e-07
1.58930594821e-07
3.69515018529e-07
4.08454458142e-07
2.34471603032e-07
4.64764206199e-07
2.68116513427e-07
3.46055467109e-07
2.32387769626e-07
2.51471683371e-07
3.21910478352e-07
2.5802956702e-07
4.21097681145e-07
3.5836535701e-07
2.39487783205e-07
1.74233026242e-07
2.62990648909e-07
3.46093689994e-07
2.32570486639e-07
3.03407923831e-07
2.30797988435e-07
3.12456316607e-07
1.43149459442e-07
