0.00087367358466
0.000838082646017
0.000795397228877
0.000846264644556
0.000773910316292
0.00091822808354
0.000971492747154
0.000728130755397
0.000645351635312
0.000850026041161
0.000396141142048
0.00108277528897
0.000849309207443
0.0011335696539
0.000870933735034
0.00102349417596
0.000717261680424
0.00092180909053
0.00119962747449
0.000468267048728
0.000923896765401
0.000250458276331
0.000628859133523
0.000797178384043
0.000721442700944
0.00125637992553
0.000980288296105
0.000865293554276
0.00119098617279
0.000573928647544
0.000530836875787
0.000865452642535
0.00094571756539
0.00079599037206
0.000849471899703
0.00061556329123
0.000640188625652
0.00101348957569
0.000712499817522
0.00097814404329
0.000400856033481
0.00117291174648
0.00084676352541
0.000911736622211
0.000803790907061
0.000658827131698
0.000999811943846
0.000875714618782
0.000423706907696
0.000401460268821
0.000679266920393
0.00101662928809
0.000691391922479
0.000802395332653
0.000768404032903
0.00113268585251
0.000660824649224
0.000493463115401
0.000782605366106
0.000831353819126
0.000471161934783
0.000737201494016
0.000443620503992
0.000701402156292
0.000834927754343
0.000883188226611
0.000895123769375
0.000522049689404
0.00070728488148
0.000248334243898
0.00081473004463
0.000860801110216
0.000697999145383
0.000812774876282
0.000541029429901
0.00044499142684
0.000377217363639
0.000491016046615
0.000930202563768
0.000940067531624
0.000886739992417
0.00052659447702
0.00123435408567
0.000623788752651
0.000963806627899
0.00105239250943
0.000340916428068
0.000989584668619
0.000373955911701
0.000982466695199
0.000814066306744
0.00104458860888
0.000946996192113
0.000750539847516
0.00083195188369
0.00103704657792
0.00132219297359
0.00104906006848
0.000661513987662
0.000414402445195
