2.14315010039e-07
2.54288398692e-07
2.37289078243e-07
1.72673856341e-07
2.55947396238e-07
2.45490058316e-07
2.38530428384e-07
2.4596911945e-07
2.83013311914e-07
2.68695043056e-07
2.10342620136e-07
2.99080668444e-07
2.49454951456e-07
2.56445717479e-07
2.19828872757e-07
2.0532682666e-07
2.74715495072e-07
2.74129127731e-07
2.54692907728e-07
2.91503694707e-07
3.22839059029e-07
2.70752407966e-07
3.03720334906e-07
2.74742207211e-07
3.10116267731e-07
2.44556226516e-07
1.96740716734e-07
2.65728012136e-07
3.11425689152e-07
2.58251508192e-07
3.13655552939e-07
2.01059939799e-07
2.44428793482e-07
3.27931363968e-07
2.130015772e-07
1.80261612808e-07
2.91532127491e-07
1.98819506276e-07
2.8170925903e-07
2.23009438471e-07
3.34935590294e-07
2.58377574633e-07
1.36397697075e-07
2.92973735949e-07
2.8568235684e-07
2.26640484639e-07
3.18136599104e-07
2.41925551331e-07
3.1014036859e-07
2.10425232923e-07
2.4962961058e-07
2.35055060599e-07
2.49488093239e-07
3.37991246083e-07
2.98133815856e-07
2.80497431698e-07
2.6093813919e-07
2.49066065821e-07
3.06411825603e-07
2.86577668762e-07
3.10688824026e-07
2.37967842508e-07
2.58028510537e-07
2.51574137103e-07
2.87487158961e-07
2.80881482082e-07
2.68143138779e-07
2.26902347506e-07
2.12419557389e-07
2.88169200078e-07
2.11884082833e-07
1.84667410217e-07
3.10572328886e-07
2.2250160781e-07
2.75425544681e-07
2.39592538113e-07
2.25606386716e-07
2.52821729231e-07
2.52652412283e-07
3.31767459194e-07
2.23370657908e-07
2.68111640794e-07
2.47480307249e-07
1.29395689331e-07
3.47202520396e-07
2.62092280844e-07
2.10613262585e-07
2.54777588899e-07
3.81607885868e-07
2.93199248922e-07
3.21250079932e-07
2.72091173362e-07
2.88781538123e-07
2.06056233657e-07
2.61356359367e-07
2.99552873379e-07
2.02166223854e-07
2.94121645346e-07
2.68458082593e-07
2.67808590332e-07
