0.0416308957919
0.0330266723713
0.0242582651384
0.0206512065849
0.0188578922869
0.0227465679627
0.0228705238219
0.0284013578959
0.0284228941892
0.0347642566015
0.02116157186
0.0261898984504
0.0257439717462
0.0238119425514
0.0200114357955
0.0243903447428
0.0360601755708
0.0232932552777
0.0222008552729
0.0182996109747
0.0278412957967
0.017986227889
0.0353808176878
0.0282729482753
0.0245572092969
0.0263936379064
0.0253546822994
0.0224501871325
0.0267793249382
0.0271127916276
0.0232167870302
0.0238704125906
0.0237136770548
0.0231691247727
0.0320046723413
0.0343570302329
0.0247431360015
0.030570903708
0.0312219626021
0.0244380959566
0.0189257414872
0.0194540994993
0.0248898892403
0.0238839286079
0.0276851920803
0.0374047883972
0.0152671880612
0.0182448544932
0.0285652694489
0.0270072075848
0.0255601893907
0.018536984018
0.0202705901904
0.0336549747497
0.0187933162472
0.0310671874157
0.0359517723277
0.0256694422577
0.0169797579764
0.0187610635789
0.0266025530966
0.0363627936911
0.0354943438065
0.0210856651961
0.0314413251967
0.0435205608258
0.0313838944439
0.0282692201527
0.0199294185032
0.0229455428414
0.031894952911
0.0285043064398
0.0180275274281
0.0291383884831
0.0456294976887
0.0284542674482
0.0190486792643
0.0216581169522
0.0269179399782
0.0279173773247
0.036199935521
0.0416927171643
0.0293222080851
0.0276141073815
0.0224107513306
0.0300284751359
0.0251797786513
0.022659770556
0.0200208760369
0.0221119082244
0.0200837176215
0.019845955887
0.0244481659381
0.015242863445
0.0277927237639
0.017165448005
0.0266732350195
0.0308028039672
0.0333070779571
0.034311759292
