2.61393106926e-07
2.59954525509e-07
4.36223489013e-07
3.32543241618e-07
3.34147857001e-07
3.51490982744e-07
1.46145168632e-07
2.39319888121e-07
2.35571047539e-07
5.63732236856e-07
4.35144491553e-07
3.54572249245e-07
2.29189320988e-07
6.68461466556e-07
2.52938008358e-07
3.45406866272e-07
2.50796645027e-07
4.61389630626e-07
1.51597530886e-07
1.9381744072e-07
3.20041100816e-07
3.94196668809e-07
3.6556031571e-07
3.61598602969e-07
6.60806503576e-07
2.47263780519e-07
3.88940688155e-07
4.54202159175e-08
2.45133618981e-07
4.27713111491e-07
2.54693739133e-07
5.63789703804e-07
3.56858578655e-07
4.54111426138e-07
3.52922209937e-07
5.68605022461e-07
4.45556058337e-07
1.33750017345e-07
4.53195382284e-07
1.53924508441e-07
4.84310897438e-07
3.52888082084e-07
5.56433051875e-07
3.56499074189e-07
6.47921328308e-07
4.54645637539e-07
4.65694710566e-07
4.6190988793e-08
5.60763145568e-07
4.12691481668e-07
4.70134883202e-07
4.61878190942e-07
5.50485889986e-07
7.72788280219e-07
1.42178705174e-07
1.45969556193e-07
4.5903574108e-07
1.5387762279e-07
2.50807571835e-07
2.43365193714e-07
2.48535484759e-07
8.6540542951e-10
5.58275816127e-07
3.36166709746e-07
4.34818809701e-07
4.96024048144e-07
1.44617439745e-07
5.07819436465e-08
5.10907173101e-07
3.49352555942e-07
2.45392832083e-07
3.29026577105e-07
2.84030777343e-07
6.00928917266e-07
7.85077032e-07
3.28084182645e-07
3.6629703789e-07
3.3843744071e-07
1.51825420244e-07
3.39464838529e-07
5.5441339961e-07
1.46468487562e-07
3.49640304667e-07
3.45647235541e-07
2.46752742668e-07
2.50324131485e-07
5.47515452042e-08
1.46298908542e-07
2.45676134083e-07
2.45796001099e-07
3.54970900808e-07
3.23885355981e-07
4.87878344667e-07
3.45314096482e-07
5.6837022246e-07
2.39026905536e-07
4.60935069123e-07
6.65337256648e-07
2.48348756422e-07
5.56795461628e-07
