0.000259784680168
0.00039145488577
0.000329970924005
0.000259396782707
0.000199279188135
0.000193409673177
0.000243301256602
0.000229136322212
0.00021995264136
0.000203404907969
0.000263740652987
0.000285385837388
0.000297291819918
0.000223865014432
0.000264976267014
0.000256018342094
0.000310648001026
0.000204092870832
0.000247141750864
0.000186923627266
0.000305523714809
0.00027333643077
0.000237746521502
0.000247217321829
0.000278315311619
0.000272298285368
0.000268893487018
0.000318269349922
0.000200308605652
0.000273450529906
0.000276639074355
0.000318155983678
0.000334786131373
0.000307240958233
0.000338500908786
0.000663002403422
0.000222138336594
0.00019373368699
0.000240998548077
0.000227273701466
0.00020598927158
0.000192310623887
0.000303015197078
0.000235923135862
0.000290298622091
0.000281986873221
0.000271009358064
0.00031134372058
0.000302435276375
0.000240260607273
0.000351550474372
0.000259038562048
0.000264161212022
0.000204948471893
0.000307866295834
0.000332366035312
0.000362008193891
0.000256449381419
0.000371285910801
0.000320113981488
0.00034228629229
0.000303561640199
0.000251604857862
0.000259582516137
0.000269429396587
0.000230859376888
0.000285638187352
0.000236457522843
0.000376501497452
0.000361073279226
0.000312149859158
0.000233981915398
0.000245183475406
0.000360920450545
0.000282376209568
0.000203839226354
0.000248317697977
0.000232097121887
0.000285796259144
0.000299041806414
0.000288008950166
0.000267646670055
0.000189093925592
0.000253545305158
0.000228938158501
0.000254960475111
0.000485764531129
0.000423013150336
0.000229754153834
0.000271293108938
0.000307837275891
0.000151454942101
0.000332608315031
0.000308014756697
0.000230093081006
0.000248034516578
0.000186966347698
0.000223605890718
0.000267314294027
0.00025414907892
