2.47039435194e-07
2.79353135757e-07
2.84130132288e-07
2.83966293855e-07
2.02788132968e-07
1.52726386298e-07
2.69779965938e-07
2.83346159302e-07
3.00812254608e-07
2.38571726318e-07
2.65416696724e-07
1.64374953031e-07
2.55063567935e-07
2.80454974286e-07
2.18772260038e-07
2.67906697759e-07
2.84584613936e-07
2.74669686759e-07
2.09535188287e-07
1.86886479058e-07
3.19986955792e-07
3.14693352524e-07
2.39522406664e-07
1.81007372329e-07
2.47178253737e-07
2.75848106181e-07
2.85274135385e-07
1.66738434822e-07
2.79610241348e-07
2.8415345373e-07
3.21507341588e-07
2.52400136399e-07
2.74254465802e-07
2.92939539625e-07
2.00494503104e-07
1.66389283627e-07
2.82516693135e-07
3.13634484963e-07
2.0473788076e-07
2.933823344e-07
2.57916615466e-07
2.20812527611e-07
2.90391486977e-07
2.21362333738e-07
2.84930839151e-07
3.22257888916e-07
1.72034160868e-07
2.70179431369e-07
2.56637422859e-07
3.50635295294e-07
2.51456017935e-07
2.89126783931e-07
1.95403336898e-07
2.71316126329e-07
1.91967573009e-07
2.79749628124e-07
3.21137506818e-07
1.72909827242e-07
1.78889434148e-07
2.72317871569e-07
2.2977813008e-07
2.79034701486e-07
2.86640533994e-07
1.8642860725e-07
2.94426836784e-07
3.35372981646e-07
1.98586233915e-07
2.66148152666e-07
2.49019014906e-07
2.16428084672e-07
2.82924356948e-07
2.68322654171e-07
2.12222866394e-07
2.93030961477e-07
2.36910387078e-07
2.6847000747e-07
3.17422410941e-07
2.34147410179e-07
1.84203235296e-07
2.68243380756e-07
2.10027879392e-07
3.18364069188e-07
2.76995651733e-07
3.58104980582e-07
2.56127993317e-07
1.39415792806e-07
2.32619812726e-07
2.58827019896e-07
2.07925111572e-07
1.44018852851e-07
2.39501938348e-07
3.1045914285e-07
2.73942133076e-07
3.18851869304e-07
2.95648053006e-07
2.3068675415e-07
2.09845613723e-07
2.22708050818e-07
2.85922263512e-07
3.0562252169e-07
