2.0914376493e-07
3.43247429443e-07
3.07944427934e-07
4.43233122907e-07
2.77175912895e-07
2.89663164727e-07
3.05216856923e-07
4.09750524848e-07
2.94172311321e-07
4.84030116566e-07
3.07543122154e-07
3.71341945743e-07
2.96076813604e-07
3.32866594986e-07
2.25216452615e-07
2.79984676296e-07
2.77128200992e-07
2.95022697526e-07
2.51000149609e-07
3.23875483358e-07
2.31309508685e-07
2.35435219339e-07
2.63594835195e-07
3.73230116284e-07
2.34748825266e-07
2.78699334028e-07
3.43098037976e-07
2.33282123048e-07
2.60932521481e-07
2.65112166424e-07
1.46878740785e-07
2.44838354053e-07
2.95688762996e-07
4.42231326445e-07
2.78218233448e-07
2.63559557873e-07
3.58167059354e-07
2.33986518952e-07
3.31526252001e-07
1.97454425852e-07
1.96142942264e-07
2.51752128575e-07
3.54350302935e-07
3.36249838169e-07
3.07783572896e-07
2.48314229079e-07
2.78799604888e-07
2.24573254512e-07
2.76684091267e-07
3.55735107704e-07
2.61913349636e-07
2.62843537893e-07
2.8749837414e-07
3.30535861362e-07
2.96861275621e-07
1.58291392327e-07
3.25368779822e-07
2.51430170577e-07
2.93494817734e-07
1.82916217419e-07
2.72420991315e-07
2.22950931101e-07
3.29999096371e-07
2.49664076343e-07
2.63588622226e-07
3.02414371045e-07
2.6100880683e-07
3.61576554343e-07
3.07049601576e-07
4.06536797999e-07
2.94660301259e-07
3.03207336776e-07
3.34902294294e-07
2.65517262591e-07
4.03810901046e-07
3.73101979435e-07
3.02569883995e-07
2.92664194932e-07
2.78060189273e-07
3.07956490025e-07
3.26286686641e-07
2.52921050071e-07
4.0662725992e-07
3.5612963964e-07
2.74149696093e-07
1.96291885734e-07
3.04423841146e-07
3.41844591782e-07
3.21845543164e-07
2.24585440635e-07
3.21995286377e-07
2.63347435438e-07
3.16398228907e-07
3.24702026937e-07
4.10390436289e-07
2.10678486197e-07
3.11251735551e-07
3.84196176369e-07
2.45942488906e-07
2.61951451264e-07
