1.94364585475e-06
2.27794662589e-06
2.99610724705e-06
2.41995303966e-06
3.15985211939e-06
3.02771970533e-06
3.15950238811e-06
2.71079311308e-06
2.56925893066e-06
2.27657946961e-06
3.18453877218e-06
2.74783939249e-06
2.45468865605e-06
2.75628990627e-06
2.44030650957e-06
2.0841223834e-06
1.91810087901e-06
2.20020222564e-06
2.39765061214e-06
2.75599635315e-06
2.13229879749e-06
2.6613752006e-06
2.513950114e-06
3.48775631129e-06
3.01026641805e-06
2.93482778008e-06
2.07559162655e-06
1.67248199041e-06
2.71833420913e-06
2.79908507687e-06
2.5738549918e-06
2.98858396828e-06
3.21516302802e-06
2.54694616094e-06
2.89087609321e-06
2.98302026705e-06
2.61938804675e-06
3.20313165275e-06
2.95022228275e-06
2.1304093484e-06
2.81798139361e-06
2.66689373748e-06
2.21568472099e-06
1.77013993719e-06
2.85487754554e-06
2.63975750707e-06
2.40680204599e-06
3.05190266923e-06
2.92506458518e-06
2.70344595846e-06
2.99329553866e-06
3.71853755175e-06
2.36103743152e-06
2.3205120741e-06
2.31371965711e-06
2.90899791957e-06
2.89646464138e-06
2.90169798481e-06
1.77090501589e-06
1.77798701561e-06
2.52752049956e-06
2.23992771546e-06
3.34711129348e-06
2.41468053652e-06
2.46658140263e-06
2.74109008163e-06
2.902949331e-06
2.54571048863e-06
2.57629605829e-06
3.1565942782e-06
2.12911807244e-06
2.11169952643e-06
1.9963428189e-06
1.99867171437e-06
2.5042530288e-06
3.01798646827e-06
3.34170435464e-06
2.4517147009e-06
2.74286900916e-06
2.77282334101e-06
2.91089004459e-06
3.32127186411e-06
2.57848390404e-06
2.98552336726e-06
2.79966859919e-06
2.15061452308e-06
3.03059812513e-06
2.45931300293e-06
2.7567683729e-06
2.52048718726e-06
1.96189511591e-06
3.12189898931e-06
2.50984089087e-06
3.04719607822e-06
2.0760126654e-06
1.9044218468e-06
2.73073455819e-06
2.48838399577e-06
3.41321087295e-06
3.0854108581e-06
