9.53889273895e-06
2.64511320444e-05
4.55744644463e-05
2.97187969815e-08
6.89219720343e-06
4.79137587154e-05
2.88255371943e-06
2.0797746517e-05
1.24766379594e-05
1.85117121615e-07
1.34895358479e-09
3.16767375694e-10
4.52601738538e-07
8.37644152077e-06
6.25541742315e-09
3.89729821889e-05
4.32826885366e-05
4.90442724724e-05
4.66421382319e-05
4.39899500692e-05
1.84772437206e-05
4.54124110109e-05
4.42302684314e-05
5.05873611643e-05
4.62992084886e-05
5.06153411945e-05
4.00976339934e-05
4.53837673098e-05
3.93571733813e-05
4.53561163534e-05
3.85494650865e-05
4.46389372929e-05
1.54208065585e-05
5.09789567068e-05
1.33116700727e-05
2.29634726163e-05
7.88173118523e-05
3.07946282886e-06
4.80483983158e-05
8.57165245945e-06
3.09684068046e-05
4.25362284772e-05
1.44862473582e-07
4.44986887044e-05
2.35478525905e-05
2.85914224547e-05
1.93622414277e-05
4.8687834502e-05
8.68275260038e-06
4.59359855016e-05
4.44926832949e-05
4.10950178425e-05
4.84965714758e-05
7.96350426109e-05
3.15362750715e-05
4.85941343714e-05
6.3680327132e-06
2.78657065344e-05
2.44861168707e-09
3.17542572814e-05
3.83217765249e-05
8.29606938491e-05
3.96394188213e-05
4.89787471338e-05
4.5876701244e-05
5.01975143053e-05
2.44428924293e-07
9.24629382408e-06
3.45765236565e-05
4.86545929027e-05
5.58471149652e-05
5.5100862918e-05
1.20640097945e-05
4.76629537734e-05
6.96479181459e-05
4.82580542596e-05
3.50263213451e-05
7.7546143032e-05
4.97024402189e-05
4.93794709665e-05
3.26532214721e-05
5.04026218624e-05
1.47475105249e-05
4.71706216404e-05
7.17210381947e-12
1.97296110549e-05
2.69013742999e-05
5.66298148507e-05
4.60433298574e-05
4.48463861538e-09
4.09463190566e-05
5.56080737482e-05
4.40810918508e-05
4.60238521254e-05
3.86647322044e-05
5.83012873081e-05
2.17455745038e-05
4.4471094719e-05
4.56019697626e-05
5.35108200797e-06
