2.03532439144e-07
2.51138047187e-07
2.36393068302e-07
3.19943209572e-07
2.90234884727e-07
2.78980935417e-07
3.41011673526e-07
2.66903322809e-07
3.16252509412e-07
2.93805776607e-07
2.95561954144e-07
2.42673564833e-07
3.04452502585e-07
3.76868269867e-07
1.99241786543e-07
1.99943747695e-07
2.32337151279e-07
2.5935537518e-07
2.42373881952e-07
3.00077687315e-07
1.64895067683e-07
2.69514785315e-07
2.81468711408e-07
2.9586232783e-07
3.33292501436e-07
3.21623629791e-07
1.99136702751e-07
2.99795372647e-07
3.99827856047e-07
2.70084544135e-07
2.40337909044e-07
3.29039426261e-07
3.2013040295e-07
3.02573896507e-07
2.24781600972e-07
2.73081021731e-07
2.74423400177e-07
2.60473385133e-07
3.34476173141e-07
2.87687193632e-07
1.70562979486e-07
3.14577203934e-07
2.86534744452e-07
3.21463105498e-07
3.48141908429e-07
2.44824507335e-07
3.06907258105e-07
1.56672467046e-07
2.837687527e-07
2.93158586635e-07
3.7675651591e-07
2.3672910411e-07
3.06837223327e-07
2.55434896962e-07
2.5662817009e-07
2.93069624258e-07
2.25673571606e-07
2.91806379575e-07
3.00553525053e-07
2.04063554664e-07
2.11187599277e-07
2.12612628553e-07
1.87152026288e-07
1.97613586962e-07
2.76279806467e-07
1.36706488662e-07
2.72406238173e-07
3.07321830974e-07
3.24159840649e-07
2.39743466236e-07
3.00147565316e-07
2.47728133006e-07
1.43956055239e-07
2.45225171905e-07
2.41328636657e-07
2.63824231333e-07
3.10283033951e-07
2.79419454351e-07
2.49512088055e-07
2.88726222197e-07
2.6880188346e-07
2.42444723576e-07
2.6668148371e-07
2.16122857155e-07
3.2277199702e-07
3.2321154777e-07
2.43069289464e-07
2.89996838897e-07
3.32025287773e-07
2.98232624451e-07
3.49803906736e-07
3.45252182757e-07
2.38337925914e-07
2.84810394145e-07
3.02545910916e-07
2.32606090444e-07
2.75569283189e-07
3.08791751703e-07
2.06767330149e-07
3.20795354738e-07
