4.78512341507e-07
4.61267936104e-07
2.21200124262e-07
1.47838290505e-06
4.97993963027e-07
4.83705124963e-07
4.81666229913e-07
4.28914743287e-07
1.37076871945e-07
1.40337213823e-06
4.32206845698e-07
5.04252568327e-07
4.69447253782e-07
5.46940099205e-08
4.33829325342e-07
4.52748413156e-07
4.58093134486e-07
1.44109849385e-06
4.75542192366e-07
4.65677705074e-07
4.92107859467e-07
1.42833132511e-06
4.41592991953e-07
4.84520597104e-07
4.38542023809e-07
4.60271250331e-07
5.09907276583e-07
4.37884116013e-07
4.83824080592e-07
4.23807877219e-07
4.58395908689e-07
1.42853540284e-06
1.55573143273e-06
1.56290834658e-06
4.72996294786e-07
2.56035204965e-06
1.52763014322e-06
2.78987163137e-07
1.41720734696e-06
1.45173199362e-07
4.53962901389e-07
4.91538016959e-07
4.94297515921e-07
4.48826821159e-07
1.45202975207e-06
4.94171071319e-07
5.18095080548e-07
4.76187117224e-07
4.64169985498e-07
5.55868810891e-07
5.1395834333e-07
1.51654676531e-06
4.53687894526e-07
1.44059021829e-06
4.22026006071e-07
4.59185610004e-07
2.58425635899e-06
4.98820345213e-08
4.39205131884e-07
4.98708696304e-07
5.3729783092e-07
4.44258514735e-07
1.45527077251e-06
1.51573659964e-06
4.49720956591e-07
6.87519113551e-07
4.84237874008e-07
3.94069816906e-07
3.17597486902e-06
5.11329959819e-07
8.3143651804e-07
2.83049759559e-07
1.99803483766e-07
4.70632271319e-07
5.06032149956e-07
4.8163852596e-07
4.79052537976e-07
4.84312250038e-07
4.6954753482e-07
4.69041329466e-07
4.97146104675e-07
4.98603448787e-07
3.69845086944e-07
4.56979443533e-07
4.31461480773e-07
5.25965968092e-07
3.13495417809e-07
4.44807877153e-07
9.41082104872e-07
5.04174825023e-07
3.27148209866e-07
4.72130397804e-07
1.56441927976e-06
4.64950061467e-07
4.88684279122e-07
4.67788288156e-07
4.56718059378e-07
1.38676785602e-06
2.69761377783e-07
1.48141494367e-06
