1.06729192316e-05
5.2160914147e-05
4.52763747802e-05
3.8224986755e-05
1.52467914063e-05
5.98491910486e-06
4.93366818871e-05
3.71976765531e-05
3.48234026555e-05
4.48500352104e-05
4.10682159311e-05
4.27990846465e-05
4.74961400366e-05
2.140453232e-06
1.05482613608e-06
2.15083624669e-05
2.56556344016e-07
1.50012118543e-05
4.81955114267e-05
4.61402358494e-05
4.13092122993e-05
3.61962857869e-05
3.42703032521e-05
3.07366356758e-05
4.86632360061e-05
5.41350603236e-07
1.27005838658e-07
4.74286026387e-05
5.45294980631e-05
4.58110483727e-05
1.66644247566e-05
4.42180170342e-05
4.54112458134e-05
3.98229688427e-05
2.26190460435e-07
4.01797021673e-05
2.26565330331e-05
4.67458667835e-05
4.10179229351e-05
5.04303046766e-05
1.25652952521e-05
4.66473769885e-05
1.55905387476e-05
4.97869128045e-05
4.30062612622e-05
1.49623677072e-05
4.48130724573e-05
4.53152857977e-05
4.7309031717e-05
4.69855286696e-05
4.59880280492e-10
2.08497558368e-08
1.72352410503e-05
4.80509020331e-05
2.83225055472e-05
4.3011992152e-05
1.79985112442e-05
4.75839140502e-05
2.80795204831e-06
2.41193223175e-05
4.35755216752e-05
1.7832353866e-05
4.47438278813e-05
3.97101965495e-05
3.73628883002e-05
2.78034778031e-05
4.55097508253e-05
1.57645113474e-06
4.12027023731e-06
4.84952140083e-05
2.5142413406e-05
7.51388449756e-05
3.38893651246e-05
2.92096855559e-05
1.05981951112e-05
3.52236888507e-05
3.86240085106e-05
6.47055454067e-07
4.09937407593e-05
4.39483371236e-05
4.79791526582e-05
6.34734473823e-06
5.06261578549e-05
3.74517250257e-05
4.33286950653e-05
5.32628935115e-05
4.87566420059e-05
2.31210724532e-07
5.10122149569e-05
4.4895431348e-05
4.59837415222e-05
5.30549938113e-05
3.35196026323e-05
1.11053219265e-06
2.09887602337e-06
1.39600823289e-05
3.50920926456e-05
4.52291743317e-05
1.31494000352e-05
4.30255416866e-05
