3.95757667826e-06
2.93497923232e-06
1.86254399345e-06
2.58245155103e-06
2.38933655698e-06
3.43923884421e-06
2.59333105396e-06
4.26477445524e-06
2.82019149318e-06
1.66368491027e-06
2.41255036358e-06
2.88798626052e-06
3.76710368316e-06
2.28569859594e-06
3.1913159132e-06
2.88215855579e-06
4.79053563253e-06
4.70379036698e-06
2.95628660716e-06
3.52094314042e-06
2.15241247848e-06
1.81300561814e-06
2.38016870144e-06
3.34409091225e-06
2.64211063887e-06
1.93583943339e-06
4.17408443171e-06
2.56231335528e-06
2.21133241327e-06
2.87092399522e-06
2.08782516983e-06
2.46724510044e-06
3.33684889675e-06
3.19717233373e-06
2.24938864168e-06
3.36237182625e-06
2.69255719734e-06
2.99539573571e-06
3.89155528063e-06
2.37428720076e-06
3.32731162457e-06
4.22531464392e-06
2.40216728372e-06
2.44247159349e-06
2.0398393966e-06
2.38177346125e-06
2.74926819231e-06
1.4878544282e-06
2.50077066554e-06
1.94436432371e-06
4.29960374855e-06
3.8075798794e-06
2.66882783793e-06
2.71109918001e-06
7.31288579647e-07
5.10829744201e-06
1.80680458334e-06
2.57787278044e-06
2.05842057019e-06
2.13504777684e-06
2.23332045331e-06
2.75303465325e-06
2.19077510128e-06
4.36880502143e-06
2.87842360708e-06
2.75270894722e-06
4.85777781715e-06
3.5283608551e-06
2.69079378238e-06
1.83177927727e-06
2.21999946766e-06
3.5815816698e-06
2.88908222925e-06
1.64909984615e-06
2.10508801103e-06
1.69882593845e-06
3.08899462062e-06
3.25283789788e-06
1.83492384295e-06
3.30076333244e-06
2.8972191331e-06
2.33347004177e-06
3.07054425802e-06
2.83056607478e-06
3.18765475654e-06
2.6540240727e-06
5.09859222752e-06
2.19915618093e-06
2.96725671285e-06
3.77105206848e-06
2.81216280149e-06
2.86944239192e-06
1.69556014878e-06
2.90497934121e-06
2.57997995704e-06
2.54557083362e-06
2.00987468475e-06
2.66279545611e-06
3.09518929969e-06
2.6336217893e-06
