0.00264050428539
0.0016293932417
0.00338859222035
0.00180183359826
0.00154626201571
0.00302899168389
0.00165156560079
0.00234532153827
0.0022737693602
0.00200047179331
0.00209875891508
0.00188456499797
0.00217670477368
0.00259628112837
0.00307878872147
0.00260803613847
0.00295859652364
0.00415460484443
0.00247171421464
0.00315483067747
0.00245634301477
0.00319117588545
0.0028385340848
0.00189586195559
0.00310415002971
0.00220276924347
0.00201800459611
0.00208434247152
0.00253336151874
0.00289797537464
0.000948055487775
0.00182610389166
0.00167596348945
0.00289018779945
0.00295290682312
0.00229582519852
0.00299958092894
0.00293699873376
0.0035034966463
0.00283150727323
0.00224002151033
0.00523292876425
0.00219718245758
0.00209194879307
0.00219984942383
0.00309454203448
0.00263454020977
0.00188714751488
0.00225981228478
0.00262601074872
0.00310487314646
0.00259663476508
0.00282678900575
0.00202892203861
0.00256309793408
0.00170410917944
0.00242567272027
0.00219783462877
0.0036728222785
0.00227365604704
0.00230933738841
0.00266744427934
0.00282872407716
0.00247813424853
0.00310423660131
0.00285502908253
0.00234723835344
0.0029375408465
0.00264526821655
0.00281032176659
0.00230483105932
0.0030438283997
0.00270169673971
0.00276116805845
0.00188212261593
0.00221336078732
0.0016273307399
0.00228225229642
0.00256976508199
0.00250721070119
0.00247063075689
0.00154304264615
0.0036402415098
0.00351129694696
0.00213042957566
0.00169754697234
0.00246500935915
0.00195173814654
0.0045355944611
0.0022674508497
0.000996786309908
0.00206090216014
0.00356240335192
0.00248157637274
0.00249831120186
0.00367437682043
0.00271098506358
0.00366378714482
0.00295721935065
0.00217831652428
