0.00260637956497
0.0029407297566
0.00240509950526
0.00203332403939
0.0020343329588
0.00279688096677
0.00216211722507
0.00228896524711
0.00262748674904
0.00286257585813
0.00210461414579
0.00302585037219
0.0027377047714
0.00306858516281
0.00260069704084
0.00349086270166
0.00204839885578
0.0023099955551
0.00332596321058
0.00225372348456
0.00319405503504
0.00172871900748
0.00319250587847
0.00213164992015
0.00206435044269
0.00307670091459
0.00271374298853
0.00176893956369
0.00245780966003
0.0022896312556
0.00200869026122
0.00248826814968
0.00235945196212
0.00231422219651
0.00199909495922
0.00309652695255
0.00195394903984
0.00277224166258
0.0027447265419
0.00270779651283
0.0025006149297
0.00181670790937
0.00236219215939
0.00254094405007
0.00223701309839
0.00268875293279
0.00323108606013
0.00341753536274
0.00260480721502
0.00226282490806
0.00184428672287
0.0027959521024
0.00222714865892
0.00194499413532
0.00249767305135
0.00359752551624
0.00215764701328
0.00245747392608
0.00310012813946
0.00268585441241
0.00321560743623
0.00372560862928
0.0036695128488
0.00157604568101
0.00235549482514
0.00286551685193
0.00235745646806
0.00472274694333
0.00222160906328
0.0020565837082
0.00261558695852
0.00246127188502
0.00255272953914
0.00303708387898
0.00283559749162
0.00230189852337
0.00226841765704
0.0019740333556
0.00273003456032
0.0025018222455
0.00214115496078
0.00197022975483
0.00208049078835
0.00327597684561
0.00321901834769
0.00231366197988
0.00310254759122
0.00303952805081
0.00298852542237
0.00299844342801
0.00242054770332
0.00306573264771
0.00296672495809
0.00336135916487
0.00339452174575
0.00225988578448
0.00256872910093
0.00335150904994
0.0025916996796
0.002213799245
