2.44695855111e-06
3.94871233194e-06
2.23970182399e-06
2.91408712916e-06
2.45555958963e-06
3.2427530321e-06
3.41782613984e-06
4.07227658259e-06
4.02855409785e-06
3.6641884592e-06
4.12919669816e-06
3.79062825308e-06
3.78786089094e-06
3.88192702681e-06
2.17623575196e-06
2.38812517827e-06
2.62892869225e-06
2.73663789636e-06
3.67896073252e-06
2.09791684644e-06
3.76383057302e-06
3.83890651363e-06
3.19196696219e-06
3.07859988398e-06
4.21996544737e-06
3.08204995014e-06
3.53845297647e-06
4.42666635706e-06
3.53478678639e-06
3.38883965033e-06
2.23358765155e-06
2.91634717027e-06
1.74173396506e-06
2.38084516846e-06
3.1781899752e-06
2.44068507851e-06
2.38554465961e-06
2.99155331671e-06
2.0183215257e-06
2.91820842833e-06
2.77761228081e-06
2.63188484025e-06
2.41806044011e-06
3.93245598058e-06
3.84681498221e-06
2.6583302206e-06
3.19352011519e-06
2.39663856947e-06
3.11209893123e-06
2.61674183888e-06
2.37436091126e-06
3.67118034877e-06
2.41775404903e-06
2.90782533408e-06
3.16105087306e-06
3.35371792389e-06
2.44621595467e-06
2.98116778189e-06
4.34437716996e-06
2.67409331296e-06
4.02704799661e-06
3.66546737851e-06
4.43731381517e-06
4.19914436572e-06
3.32765425858e-06
3.02673969474e-06
3.24866400809e-06
3.47872291861e-06
3.11980259541e-06
3.08841403484e-06
2.55508649409e-06
3.26918810178e-06
1.94528261959e-06
2.35360056394e-06
2.69303294166e-06
2.37528865353e-06
2.93189540608e-06
2.91830691026e-06
2.35955810371e-06
2.46664582663e-06
3.41072255567e-06
3.6888036037e-06
2.70586383633e-06
3.36328603832e-06
3.68062129903e-06
1.87482266193e-06
2.3608359858e-06
2.17628781702e-06
2.75374980599e-06
2.77371820506e-06
3.42177544231e-06
2.94330490175e-06
2.02562541977e-06
3.72371689708e-06
2.96920119376e-06
2.0703690041e-06
3.09911736945e-06
3.07660893623e-06
1.94075504709e-06
4.01516944694e-06
