0.0302857811736
0.0327589305824
0.0164873314397
0.0419251728941
0.0231688809835
0.024644263459
0.0255832298523
0.00861989990968
0.0279882937262
0.023985272755
0.0199609777528
0.0267994167924
0.026357905013
0.0272905826917
0.0265801071765
0.0229486773293
0.272256943942
0.0267722579534
0.0189131204073
0.0224167536288
0.0166198115437
0.0211944350566
0.0170180984563
0.0301722774871
0.0191456969616
0.0249768179091
0.0233558006793
0.0160041133981
0.0144275178553
0.0255198880649
0.0132005859747
0.0205285053751
0.0229415395091
0.0228818915357
0.0223186509
0.0246497652668
0.0174796594113
0.0280101303992
0.0171592478939
0.0210868223215
0.0248332357659
0.0346520006794
0.0514916009166
0.0122157301903
0.0264101268031
0.020515733942
0.0227146571325
0.0115662145384
0.0236302451518
0.012807403696
0.030061871484
0.0236340463153
0.0113976675279
0.0203881092667
0.0297961672491
0.0254265136414
0.0263975975116
0.0157242147621
0.0239957198815
0.0143190163734
0.0177945939865
0.0171891826112
0.0202985682199
0.0254160366076
0.0221054020125
0.030157674726
0.0944494516739
0.0279678294038
0.010351865893
0.0120163525197
0.017398540725
0.0211269111882
0.0309295280781
0.021285774115
0.0208796228335
0.0253623659475
0.0147091157019
0.0298453247369
0.0260433374142
0.0210138456168
0.0269643741453
0.0200678389022
0.023111431243
0.0274082483252
0.0221644453902
0.0270506338107
0.0243136624083
0.0213766721745
0.00584001373953
0.0206006760604
0.0265514005703
0.0209063159721
0.0168495774919
0.0284069235993
0.0225038461871
0.0183253795228
0.0291292099341
0.0154269666512
0.0287612811389
0.0313623627182
