4.59837765726e-06
3.79022054191e-06
3.23765008659e-06
4.07194397667e-06
4.27691270272e-06
7.44515287163e-07
2.68593163487e-06
4.93597826273e-06
1.57553461246e-06
4.53305634546e-06
4.73658891007e-06
7.7032213148e-07
4.80845774882e-06
4.55965607415e-06
4.04528063028e-06
4.73491026011e-06
4.94892231689e-06
3.61094316944e-07
2.90511618191e-06
4.76088284928e-06
5.05503939197e-06
4.43042180657e-06
4.814914965e-06
5.04242016304e-06
4.38916487877e-06
3.6176764594e-11
2.85820133356e-06
3.984716992e-06
4.60833138716e-06
4.73651450941e-06
4.67339443092e-06
4.38607236769e-06
1.3594670382e-05
4.86492563422e-06
4.51819906329e-06
4.71477394294e-06
4.60358594809e-06
8.64297153484e-07
3.6709234348e-06
4.65867273645e-06
2.19722250745e-06
4.34852404688e-06
4.70128193764e-06
4.62545977172e-06
2.65274409634e-06
4.50251589392e-06
4.98624334228e-06
4.47875175452e-06
2.59570171428e-06
4.74904254265e-06
4.39749266012e-06
1.82761690497e-06
3.16074890527e-06
4.72689633171e-06
4.41643339255e-06
5.11866792247e-06
2.70946666884e-07
4.98608191896e-06
4.65784901821e-06
4.26926078771e-06
4.31276111795e-06
4.65503073222e-06
4.02467305763e-06
4.45904847759e-06
2.51494895421e-06
3.87534734623e-06
4.89374848036e-06
4.59613221302e-06
4.24083693827e-06
3.94256238403e-06
7.57496502366e-06
1.08485735335e-06
1.8167297735e-06
1.97231001086e-06
4.80334572098e-06
5.06768641055e-06
3.9832060914e-06
4.65458364676e-06
4.362634125e-06
4.94108854081e-06
3.04895470329e-06
1.54751168853e-06
4.47019350236e-06
5.01983353445e-06
4.24967394306e-06
2.70269915975e-07
4.90927651818e-06
4.9044992942e-06
1.47881384596e-05
4.7498873383e-06
4.51319194705e-06
2.39434870028e-06
6.58017758299e-06
5.34438094635e-06
2.95568932656e-06
3.40019472008e-07
4.99915989987e-06
1.06855836731e-06
2.55143083257e-06
5.03254297123e-06
