3.19728522542e-05
2.72872006924e-05
3.41617907113e-05
3.84073475695e-05
3.01462383398e-05
2.47033466693e-05
2.27072666567e-05
2.90457268555e-05
2.25220452815e-05
2.01885489209e-05
2.33003807597e-05
2.99596543104e-05
3.94331391898e-05
3.56975388311e-05
3.53242973513e-05
3.70164045652e-05
1.87220784816e-05
4.14211778694e-05
3.16391075529e-05
4.32864993724e-05
3.02039576451e-05
3.20919056381e-05
3.53088900711e-05
4.75658991255e-05
2.89947105214e-05
1.57725176617e-05
2.75780671e-05
2.57769367835e-05
3.24035483801e-05
2.68132919357e-05
2.35560142274e-05
3.85628740918e-05
2.89354718193e-05
3.87248172462e-05
3.72211356606e-05
1.56408100222e-05
1.90283066461e-05
2.61388937742e-05
2.50352452829e-05
3.20218794698e-05
3.76717018015e-05
3.5321645384e-05
3.85455633302e-05
3.4552602117e-05
3.59367870846e-05
1.98950938197e-05
3.69916377015e-05
3.39811075499e-05
2.90015907588e-05
2.12286390529e-05
3.89710919359e-05
3.16384690965e-05
3.64289965936e-05
3.38014725201e-05
2.13703022634e-05
2.83451580327e-05
2.58339142625e-05
3.6322589285e-05
2.44811271892e-05
2.58092861599e-05
3.26161665141e-05
2.63283731911e-05
3.64633174271e-05
2.08007987517e-05
2.69698943334e-05
3.91536897271e-05
4.07143029969e-05
3.23329018436e-05
3.20190077985e-05
4.59705129495e-05
2.17358506652e-05
3.10337717359e-05
2.81273358383e-05
2.6749752271e-05
3.47910746685e-05
2.43331772827e-05
4.22823361152e-05
2.72252458999e-05
3.3668881731e-05
2.79889242201e-05
2.96660126425e-05
3.34798465309e-05
3.98511442114e-05
3.55835129674e-05
3.49701334659e-05
2.98372855602e-05
3.48729538684e-05
2.73448258929e-05
2.70940087908e-05
2.58033912041e-05
3.31865590783e-05
2.3585124099e-05
2.86677497196e-05
2.16189188584e-05
3.77706523107e-05
3.2469061758e-05
3.94189394129e-05
3.39551681523e-05
3.50232199338e-05
2.94764469061e-05
