0.000498456518396
0.000426907703038
0.00019587576784
0.000508639621761
2.19712356248e-05
0.000661597939686
8.8969103134e-07
0.000539997335913
0.000407588556514
2.14038439527e-07
0.000470086465489
0.000385048331073
1.09885928857e-14
9.04212076451e-08
5.96185469778e-08
1.58467452722e-07
0.000414245670148
0.000509896018983
1.59754759758e-06
0.000479945802189
1.45826875229e-06
0.000108199921698
0.000575710401691
0.000472973171033
5.79926867598e-08
0.000451248704871
1.97910566799e-05
0.000345648576185
0.00045370173637
1.17197036363e-11
0.000429354966671
0.000426209029289
1.08909601941e-05
0.000224463605677
1.00981261945e-09
0.0007316302475
7.15082944491e-09
1.67046821074e-06
0.000458126295435
0.000421208169353
0.000159741493762
0.00015021596166
4.48887868452e-05
7.40385465304e-06
3.0489495518e-09
0.000107649293042
0.000437914501151
0.000121656777166
0.000475057307753
1.65444987416e-05
1.64258823284e-05
1.03339579898e-06
1.69357246598e-07
1.70218762556e-05
0.000293221590291
0.000328611846579
0.000393955162083
0.000176864677669
1.39195628568e-05
2.43870075421e-06
0.000224177280827
1.53286794174e-05
1.36983915943e-06
0.000476267088869
0.000479507708401
0.000433854825717
0.000272398565184
4.00917047421e-05
0.000327174650492
9.45465490725e-06
2.44568326373e-06
2.3383208153e-09
0.000315794349987
8.91651861479e-05
7.77927989964e-05
0.000158883513653
8.48471700241e-05
0.000482747381939
0.000567561623356
0.000618962907182
0.000514866037826
0.000445653689041
0.000420866765588
0.000514538240424
0.000346601633309
5.27636776899e-10
0.000484980959378
0.000160755825174
2.77776738185e-06
2.99104053294e-06
0.00040586718119
0.000477147637437
2.60928537009e-05
0.00053075652031
0.000517988705589
8.23704888414e-05
0.000103699265042
5.79543955704e-08
0.000373087349167
3.79165896041e-05
