2.50028087141e-06
2.16217190782e-06
3.31854521804e-06
3.92025883213e-06
2.48298027429e-06
3.05256877516e-06
2.12805857072e-06
2.86479596892e-06
2.28331590432e-06
2.82999301463e-06
3.21793398566e-06
2.55104962713e-06
3.05852796062e-06
2.91060989793e-06
1.74458757903e-06
2.64019420774e-06
2.03891313812e-06
2.26728965121e-06
2.5287251312e-06
3.24818050663e-06
2.07071039818e-06
2.14865276626e-06
3.56499563756e-06
2.43279231368e-06
2.07837655123e-06
3.04197027579e-06
2.0909983989e-06
3.39602771753e-06
2.13730228837e-06
2.06825811159e-06
3.38718659979e-06
3.31525833075e-06
2.14369957482e-06
2.60777288758e-06
4.33604853213e-06
2.81923350982e-06
2.9380581191e-06
1.78270743597e-06
2.09478970644e-06
3.48278892331e-06
2.82041092888e-06
2.48678615991e-06
3.03367638876e-06
2.09372061494e-06
2.47667142393e-06
2.38509153915e-06
2.42783973937e-06
2.13470199797e-06
1.98124382577e-06
1.88742972765e-06
2.29894852876e-06
2.10965800788e-06
2.76849201028e-06
2.62206284731e-06
2.16570098507e-06
2.11029354446e-06
2.46571873312e-06
2.18825580978e-06
2.65563736167e-06
2.16653804213e-06
2.26271605735e-06
2.82374946339e-06
1.44316072165e-06
2.57617257756e-06
2.69837091326e-06
2.68867992117e-06
2.65112449795e-06
2.048384561e-06
2.17895143984e-06
2.26837458847e-06
2.88847851571e-06
3.17515359332e-06
2.3819149711e-06
2.07312144647e-06
2.80307559136e-06
2.48306554715e-06
3.22330420599e-06
2.4370399594e-06
2.72137468273e-06
2.30730247251e-06
2.09811194979e-06
3.30886316856e-06
2.51094066206e-06
2.24545488101e-06
2.97892519362e-06
2.32410279762e-06
2.11390253709e-06
2.73557742209e-06
2.13166317755e-06
2.77706094197e-06
2.989330591e-06
3.36835475241e-06
2.02747368211e-06
2.23200909261e-06
2.58377013406e-06
2.09000075669e-06
2.40821586589e-06
2.44935738657e-06
3.7459213408e-06
1.92634267575e-06
