0.00025283621467
0.000377045378747
0.000323507193598
0.000250765621295
0.000191309681899
0.00018910717598
0.000241192648002
0.000227323209123
0.000217171675989
0.000189684669584
0.000233683477556
0.000271615672596
0.000288196448166
0.000225691180579
0.00026044427464
0.000248654626615
0.000307662722749
0.000190354807584
0.00024479402155
0.000180615844586
0.000275673001716
0.000265410833147
0.000236024336414
0.000238309671689
0.000275732648934
0.00026634016013
0.000247207959905
0.000289501361044
0.000186591713596
0.000247161968956
0.000239119380817
0.000302637697193
0.000285061000394
0.00030758043011
0.000344773926441
0.000562574969295
0.000219122500407
0.000192938392216
0.00023977346083
0.0002213615548
0.00019502570135
0.000189979072361
0.000298609791996
0.000232687016261
0.000291884334094
0.000279711684021
0.000237019848284
0.000297588288639
0.000302209884439
0.000232847206547
0.000308039517295
0.000244947883191
0.000260995213093
0.000192873210406
0.000299247957084
0.000332540733944
0.000350025720391
0.000247999180493
0.000360476282563
0.000322291852987
0.000303657896063
0.000272236084949
0.000223260466568
0.00023196720719
0.000264249159418
0.000217653502439
0.000267336908283
0.000221079759306
0.000349062972781
0.000306446641547
0.000294329001591
0.000224602359689
0.00023059404042
0.000341010514048
0.000271585780678
0.000197758367287
0.000243491251479
0.000218727517605
0.000282913953669
0.000304831669434
0.000291662004549
0.000269846251758
0.000187991258275
0.000250107140628
0.000224538198191
0.000252542851745
0.000462200385577
0.000421039936915
0.000229255471486
0.00025868150327
0.000272211956514
0.000145040486456
0.000330038551845
0.000301161371212
0.000223007091034
0.000247123044761
0.000176751488946
0.000226393760142
0.000268739382242
0.000238216284754
