0.00576332645032
0.00412450682175
0.00505651291902
0.00430017442765
0.00555415696688
0.00562405914044
0.00438374911867
0.00391986553834
0.00555055313134
0.00810402508006
0.00539790136561
0.00384466607535
0.00443383487234
0.0058031196108
0.00453903173461
0.00381598478705
0.00553744546597
0.00418041514414
0.00620898098192
0.00673497610845
0.00553431308881
0.00590444671741
0.00460652100008
0.00478692357191
0.0038852798765
0.00456891520153
0.00431178128712
0.00544116589978
0.00474257936547
0.00639244137225
0.0052167838813
0.00472935165293
0.00419663798168
0.00464864170562
0.00428710297225
0.0048220366957
0.00456710376328
0.0053956046216
0.00425398633797
0.00574054952291
0.00493974182501
0.00552182921304
0.00539172128706
0.00399090220729
0.00440847594863
0.00435551946719
0.00570222096329
0.00397414929451
0.00541159608844
0.00695342388865
0.00555091056791
0.00616444247908
0.00556656305229
0.00542433791596
0.00508704452607
0.00438509199933
0.00707346144591
0.00370400174159
0.00486678492608
0.0056138284031
0.00576473275878
0.00544326262986
0.00443436006465
0.00646639520152
0.00555963476622
0.00358479383516
0.00530758453979
0.00531400563775
0.00582567990132
0.00399531655595
0.00508759450884
0.00350216459303
0.00668622119361
0.00540223813948
0.00474099774805
0.00486104336541
0.00425111775396
0.00643532660943
0.00652422270425
0.00402267522541
0.00406475702749
0.00427653607724
0.00536889523689
0.00528258887445
0.00405973866973
0.00571228957103
0.00647430564486
0.00515470236318
0.00466459688086
0.00480833884971
0.00409083442254
0.0054247489653
0.0064941440346
0.00358854718222
0.00631024487082
0.00392289401405
0.00602898086537
0.00504044285016
0.0037397190485
0.00749008227484
