1.80971395321e-05
2.71361857143e-05
2.82100176167e-05
3.59266985825e-05
2.99241226323e-05
2.32021148147e-05
1.85826396834e-05
2.55055479941e-05
2.4349633302e-05
2.70066707103e-05
2.52424875477e-05
3.82112870573e-05
2.71202200094e-05
1.87985885425e-05
1.84267182e-05
2.1466797344e-05
2.86662274369e-05
2.00646774134e-05
5.2399886651e-06
2.42436210341e-05
2.42913607445e-05
2.40661458739e-05
2.67188615597e-05
2.03003910818e-05
2.11722089329e-05
5.55776915616e-05
4.15460164716e-05
3.10596542046e-05
2.64454213338e-05
2.22361528005e-05
2.18225974934e-05
2.41333476082e-05
1.91202211892e-05
2.20730494196e-05
2.89557327262e-05
4.24241844445e-05
3.687288963e-05
1.89983885338e-05
2.01048656918e-05
2.39105436574e-05
2.080332349e-05
3.11209072297e-05
3.03524081299e-05
1.73192354979e-05
2.51393545797e-05
2.70935034566e-05
1.63589101982e-05
2.92050363022e-05
1.86092627666e-05
1.82249987641e-05
2.74732357124e-05
2.576949207e-05
2.25105960939e-05
2.11722768647e-05
4.20927979318e-05
2.76154424499e-05
2.85455567762e-05
3.6983831624e-05
2.06000250906e-05
2.99837882418e-05
2.77567905796e-05
2.16102140199e-05
2.75621310329e-05
2.91285332688e-05
1.63871861406e-05
2.33455188867e-05
2.37543542845e-05
1.79657073571e-05
2.25378675477e-05
2.51595117986e-05
2.6421844547e-05
2.01175620651e-05
1.78839380732e-05
1.90766484312e-05
2.20934969951e-05
2.71946921563e-05
1.39787041597e-05
2.35840222147e-05
3.20558585624e-05
3.06706537104e-05
2.07644724241e-05
2.63660983246e-05
3.35692411363e-05
2.70131144038e-05
2.4524309229e-05
1.75421189568e-05
3.60657095344e-05
2.26461740371e-05
2.55557947904e-05
3.43080991708e-05
2.60625034469e-05
2.5946228722e-05
2.44239916746e-05
2.92679455495e-05
4.20648392138e-05
2.13216602454e-05
2.22490725389e-05
2.87260668764e-05
2.53157402292e-05
3.15122180305e-05
