0.0909502025053
0.0895352729185
0.0948408791525
0.0919480284574
0.0881521411351
0.0964758725307
0.0866610717322
0.0890797585702
0.0882384378456
0.0949970174099
0.0878552736547
0.088214413431
0.0916934433416
0.097189173682
0.0903380432294
0.0945006713622
0.0858483203561
0.0803028883728
0.0920384661196
0.103962816614
0.0989234546809
0.0956468339994
0.0886893945994
0.0861090870365
0.0854407318033
0.0846443732339
0.0964676702945
0.0891281170364
0.0901430311658
0.0832906279348
0.0966232908917
0.0899025054204
0.095542242442
0.0950514667747
0.0891048340974
0.0881313388519
0.0922226796522
0.0948039846436
0.0905798548706
0.088706372013
0.0970217141798
0.0947089338238
0.0918465421516
0.0958174193277
0.0936387427954
0.0855595752288
0.0873636217819
0.0910991311108
0.087603153578
0.0873787355318
0.0954225727448
0.0934541039249
0.0930744779927
0.0858114741904
0.0978000153211
0.0789079194964
0.0957382767357
0.0953001461859
0.0925332826177
0.0902777639923
0.10237912141
0.0853917139437
0.087932488494
0.0912841804426
0.0842718080002
0.0915536600885
0.100711420635
0.0978502863967
0.0924496101444
0.087768256507
0.0881205954102
0.09183061952
0.0936036136767
0.0922540700004
0.0951507112919
0.0882032997375
0.08914382638
0.0890498519421
0.0969236488778
0.0797647790404
0.0843000663375
0.0891301110611
0.0934804521521
0.100304177673
0.0955898274198
0.0960329593906
0.0876494061366
0.0907386992919
0.0907279889705
0.088304678433
0.0923703564985
0.0903494994766
0.0938413301546
0.0962897653494
0.0844582946363
0.0870453394365
0.100066133708
0.088009534533
0.0988745520101
0.0904365581466
