0.0301899742996
0.0324889004662
0.0163056820215
0.0310549261953
0.0231048887129
0.0242701960681
0.0254168424786
0.0083765759604
0.027855263766
0.0238509167572
0.0194851026707
0.0265694288102
0.0261753369363
0.0273447782267
0.0264187532595
0.0229237161337
0.0411233480473
0.0267175859478
0.0188164432596
0.0222938650218
0.0164810236982
0.0206222856886
0.0171128657511
0.0299283412174
0.0191445544189
0.0244523461312
0.0232223151264
0.016035635817
0.0140830788672
0.0255563414611
0.0141112231557
0.0206838081588
0.0229121960773
0.0227428873533
0.0222505915253
0.0245333353992
0.0172026414344
0.0279685006827
0.0172376549986
0.0213559877076
0.0247142197065
0.0342948081064
0.0194072131865
0.0122208632257
0.0260746137554
0.020373183367
0.0224795510328
0.0117284935537
0.0236435213687
0.0136838834423
0.0296087508026
0.0236832527106
0.011703156173
0.0194891128775
0.0296230394572
0.0248891443181
0.0258686278339
0.0155637167725
0.0236896775312
0.0135081755512
0.0179526386556
0.0171050569161
0.0203190435234
0.0252311096949
0.0220412239199
0.0299631738869
0.0362701948419
0.0278467806263
0.0101459308603
0.0118465410228
0.0173776046443
0.0211524009301
0.0306901348774
0.0212603727705
0.0202786141408
0.0253851148165
0.0145853983889
0.0297311616413
0.0257950943824
0.0207659080896
0.0269060122762
0.0200839645766
0.0231613713073
0.0272812099904
0.0222109279055
0.0261841532062
0.0242417740286
0.0213528004288
0.00575869480297
0.0205101922286
0.0263590297435
0.0208455330582
0.0168825750065
0.0280278266438
0.0222626968793
0.0180886364921
0.0286917886146
0.0153119999528
0.0285463868834
0.0314084289163
