5.97786905828e-10
4.1365113767e-05
4.72933331677e-11
2.54054468221e-05
4.37632912823e-08
0.000122610556107
0.000162460420723
3.27201986605e-05
1.86369920706e-05
2.5664985493e-05
0.000129698389417
9.94514451723e-05
1.06731446593e-05
2.1625941475e-05
1.30240588563e-08
3.9608153385e-05
1.20302554097e-05
1.85072909394e-05
2.8945149003e-09
4.77404226124e-06
8.93024450787e-06
8.19707591978e-09
5.24065297455e-05
4.86426581212e-06
5.67984684423e-06
7.39155785674e-05
1.20261358001e-05
4.30107316249e-05
7.04915103374e-05
5.54996674117e-05
0.000230315274806
3.67877513798e-05
0.000171162971094
5.08783961833e-05
6.67734071709e-05
3.36543468367e-05
0.000102359899091
4.05251567055e-08
2.24069400693e-11
3.55438724e-05
7.13774100247e-05
7.74357200542e-20
6.42687328608e-05
4.85837444225e-05
0.000114112250948
7.84430436165e-11
8.11195603656e-12
3.96970443442e-05
5.64741884216e-05
4.59989589846e-05
2.47717152568e-05
3.42411812696e-05
8.87553046122e-05
9.13655315997e-10
4.41477541124e-05
3.99570196448e-08
2.05926007746e-09
5.45773064858e-05
1.22858761109e-11
5.07445593208e-05
0.000418722299562
6.08656851169e-05
2.80859513707e-05
5.09749853886e-05
0.000109722312502
7.40306672282e-05
6.3792468838e-16
3.72338831143e-05
5.47482992048e-06
2.11621583951e-08
1.08630566911e-10
6.05373847705e-09
9.03500138592e-05
1.93389232426e-10
1.6128346815e-08
6.72014161565e-10
1.23114128415e-05
4.07780769566e-05
7.94762016125e-10
7.11686977649e-06
2.5492663076e-05
0.000120098605784
1.36887828147e-05
5.24150231837e-05
9.20651385791e-05
5.82704755704e-14
3.28601370449e-05
4.18847429672e-06
0.000819920808842
5.57549728951e-05
5.57602631386e-13
2.42877278784e-05
1.12013724047e-10
4.14255648214e-08
5.90347724754e-05
8.00952210251e-05
2.05298594833e-10
0.000105529004972
3.55938709479e-05
1.11777181143e-06
