0.000157572072752
0.000330262385199
0.000366185666798
0.000153913331663
0.000175560611433
0.000285456681415
0.000264502782632
0.000267214146322
0.000330831772276
0.00032822224933
0.000275691521695
0.00027840297351
0.000184247454875
0.000346095502354
0.000204222287254
0.000240792529941
0.000210641768057
0.000217334730482
0.0002715480437
0.000202091698399
4.99936688116e-05
0.000246823929114
0.000210413370664
0.000246046029117
0.000236673642784
0.000294414948789
0.00033661322725
0.000285083004453
0.000354237558997
0.000204155115015
0.000204393613536
0.000211393218582
0.000359347729686
0.000420547298457
0.000163470188037
0.000222199664066
0.000272257947062
0.000226408606419
0.000137347639234
0.000241925194694
0.000248223301091
0.000166943215674
0.000210024692064
0.000337237039349
0.000260378075445
0.000231214007361
0.000233117803065
0.000146066565243
0.000204121146164
0.000240125033401
0.000236236243062
0.000379109939559
0.000224036666579
0.000264259216782
0.000255089328878
0.000215595276896
0.000336934046684
0.000302819591059
0.00024136504126
0.000188130119398
0.000230978176461
0.000341856280456
0.000205412116349
0.000242824185844
0.000210416818767
0.00027762001078
0.000290498967856
0.000303932962131
0.000330486357916
0.000210448289772
0.000279217227238
0.000188600343671
0.000299879959436
0.000265910586867
0.000216452937897
0.000503430827238
0.00021963192672
0.000281096438086
0.000188266305431
0.0004437681984
0.000237310651141
0.000281226571766
0.000139876786693
0.000375937882357
0.000173994473008
0.00031221575141
0.000170155972008
0.000252550673774
0.000274855447613
0.000291540866371
0.000228989174213
5.68675485063e-05
0.00029514763623
0.000232626850856
0.000249118345005
0.000204375707979
0.000259997327464
0.000177828152243
0.000311528134634
0.000194700139892
