0.00248097081067
0.0026365227236
0.00240569074789
0.00200989334686
0.00193790331636
0.00272878961574
0.00207663321863
0.00224259534112
0.00260149057762
0.00280418436528
0.00195907212676
0.00299341244832
0.00258380955595
0.00309614146526
0.00255784628217
0.00343757627273
0.0020414908278
0.00213305842712
0.0032560978427
0.0021755443774
0.00311617455
0.00168583987288
0.0029851712746
0.00212448980951
0.00202028860935
0.00278545396621
0.00242871604777
0.00176401529648
0.00222902500427
0.00224492943113
0.00201056256914
0.00234276922252
0.00230190071859
0.00205889656166
0.00195696062878
0.00264573634313
0.00194390088028
0.00261634688625
0.00266593910355
0.00266087765372
0.00232599545088
0.00179540433242
0.00235361685848
0.00243926252813
0.00221938579091
0.00254908702556
0.00285388540484
0.0027493256752
0.00250006913277
0.00222632800801
0.00162859814866
0.00284468540392
0.00217548642954
0.00189452959529
0.00244402697684
0.00348900031007
0.00201597385483
0.00246041344987
0.00280860170697
0.00253904788001
0.00309485859907
0.00304050906974
0.00316114676154
0.00156074904441
0.00231963689278
0.00282797658305
0.00223510729759
0.00436912402399
0.0022059052827
0.00202123911971
0.00246406134955
0.00244900717294
0.00249905282635
0.00248158790861
0.00232065635197
0.00221887144321
0.00218534379453
0.00197149522847
0.00255730416546
0.00243843058374
0.00210461688362
0.00200692665345
0.00202936797701
0.0032522268333
0.00325545358289
0.00227869415769
0.00297082766123
0.00301245472685
0.002911106525
0.00282636475068
0.00238174405014
0.00304938224351
0.00281682826301
0.00321242796258
0.00326789847465
0.00225017027199
0.00253072494556
0.00329934319127
0.00247151598793
0.00216258073003
