1.61952521012e-06
1.72712930591e-06
2.48954578847e-06
1.4853671446e-06
2.33474929343e-06
2.35305446181e-06
2.11172291629e-06
2.72636625631e-06
2.72215356238e-06
2.73633216035e-06
1.86371467293e-06
2.35121513824e-06
2.63293158905e-06
3.12205084028e-06
3.39066508635e-06
2.31282545904e-06
2.57784495312e-06
2.8880357508e-06
3.27239197882e-06
3.19694212236e-06
2.43834685342e-06
2.79492219305e-06
1.3562777701e-06
3.22399498942e-06
1.54508537326e-06
2.93806769649e-06
2.68935450874e-06
2.19256210002e-06
3.00734091908e-06
1.66864080015e-06
2.44630569352e-06
2.75735323846e-06
3.14234529496e-06
2.79279388427e-06
2.62668900478e-06
3.0030372511e-06
2.37072783552e-06
3.33035391418e-06
1.59648178242e-06
2.86331127363e-06
2.80513269102e-06
2.04946315489e-06
2.18743563407e-06
3.01928160155e-06
3.30783333564e-06
2.38409677918e-06
1.90474622753e-06
2.64233588752e-06
2.19933046286e-06
2.54714457975e-06
2.50022919001e-06
3.25073264753e-06
2.41329903739e-06
2.88919360782e-06
2.33843786849e-06
2.88267194102e-06
1.76270600562e-06
2.88467995107e-06
2.10735804273e-06
2.91754794932e-06
2.63619033425e-06
2.07079684476e-06
3.26045420324e-06
1.79861583084e-06
2.66829514677e-06
3.01731518589e-06
2.32925907135e-06
2.96080166987e-06
1.89873954443e-06
2.00711732784e-06
2.9991138953e-06
2.71706459186e-06
1.94066710215e-06
1.96016883665e-06
3.55812631019e-06
2.66782429873e-06
3.32607075592e-06
3.01487601938e-06
3.12974760986e-06
3.04179965831e-06
2.0905938327e-06
2.75540362588e-06
2.73247313113e-06
1.6537493975e-06
1.8936173284e-06
1.93134533722e-06
2.56310243332e-06
3.53705956695e-06
2.41382531711e-06
2.46468404265e-06
2.18574299967e-06
2.53684843375e-06
3.11335518754e-06
2.90687281238e-06
2.2999460816e-06
2.03242782196e-06
2.77171784662e-06
2.71626101924e-06
2.65454832808e-06
1.98556968062e-06
