1.91648498856e-07
2.41308268207e-07
2.18198577096e-07
1.69076327105e-07
2.36194472692e-07
2.34139813951e-07
2.26379712302e-07
2.26789291461e-07
2.7601772717e-07
2.63707542403e-07
1.84859640324e-07
2.53005695528e-07
2.28405145868e-07
2.26402546224e-07
2.09252848532e-07
1.79095874113e-07
2.4990004669e-07
2.66047061628e-07
2.35818322207e-07
2.77652838938e-07
3.07265830545e-07
2.62378532097e-07
2.7472459452e-07
2.400502159e-07
2.8233516183e-07
2.05005696583e-07
1.87524408978e-07
2.48599551207e-07
2.97418593307e-07
2.43245355966e-07
3.02721942869e-07
1.86408240368e-07
2.32579721743e-07
3.03212670511e-07
2.06794029402e-07
1.52051518505e-07
2.71555174203e-07
1.86143898074e-07
2.75640300179e-07
2.20471732355e-07
3.12603601858e-07
2.33769677786e-07
1.33499969693e-07
2.84969956915e-07
2.75632610526e-07
2.01104125323e-07
2.94405828684e-07
2.26790810373e-07
2.8497075773e-07
1.88617464372e-07
2.30594681969e-07
2.09515755615e-07
2.27790007188e-07
3.19470914364e-07
2.76408023926e-07
2.5174874536e-07
2.53563359781e-07
2.27402384859e-07
2.689753458e-07
2.8235242749e-07
2.82949632613e-07
2.24396558346e-07
2.45301650488e-07
2.33102730003e-07
2.70863796474e-07
2.65658063947e-07
2.50688601011e-07
2.2290177969e-07
1.94811019463e-07
2.78066626819e-07
1.977206366e-07
1.7425364574e-07
3.04799960843e-07
2.05711813921e-07
2.54259812805e-07
2.22102967952e-07
2.00303665798e-07
2.35186026463e-07
2.47922602026e-07
3.12692258739e-07
2.13636985878e-07
2.47065364428e-07
2.42012229379e-07
1.41275239462e-07
3.28920094988e-07
2.42730846458e-07
2.0428191955e-07
2.37743295781e-07
3.76316834844e-07
2.55831201654e-07
2.99688733519e-07
2.60426864231e-07
2.74489860961e-07
1.95190096998e-07
2.39279318778e-07
2.81205007265e-07
1.99270342368e-07
2.87819969546e-07
2.55287609003e-07
2.69449586629e-07
