1.79540132354e-07
2.17246009296e-07
2.58969559933e-07
2.93805821439e-07
1.76596830919e-07
2.5394928962e-07
1.87577997193e-07
3.00714936229e-07
3.08367884272e-07
2.59352626019e-07
1.90711644968e-07
1.9434306515e-07
2.95081739846e-07
2.54927745449e-07
2.35521104855e-07
1.69802224579e-07
2.41376675095e-07
2.36643886541e-07
2.17782936714e-07
2.03242139725e-07
2.09503464516e-07
2.69349972292e-07
2.38333320732e-07
2.80876329245e-07
2.88509490855e-07
2.5268101462e-07
2.1283336729e-07
2.24937551464e-07
1.90289525393e-07
2.94007073015e-07
2.04470820237e-07
2.12050903051e-07
2.35535579985e-07
3.1575951517e-07
2.54421029218e-07
2.25875835833e-07
2.47940893168e-07
3.42277243373e-07
2.8458841353e-07
2.27957752369e-07
2.99633202031e-07
2.61612958678e-07
2.39305449342e-07
2.52713782297e-07
3.15169810447e-07
2.50215145918e-07
1.38264822367e-07
2.52515422024e-07
2.4285555111e-07
3.06737027619e-07
3.11055790731e-07
2.27288245952e-07
2.54894448415e-07
3.24227958962e-07
1.18788603202e-07
2.57710853729e-07
2.3136906024e-07
2.11983449143e-07
1.84875203764e-07
2.14326516761e-07
2.94555989004e-07
2.90302159729e-07
3.08380660831e-07
2.60512937839e-07
2.13235756019e-07
3.51176103653e-07
2.52184649835e-07
1.85507100977e-07
2.52965056513e-07
2.54668955148e-07
2.60538327148e-07
2.68131329857e-07
2.49639915146e-07
2.53877012341e-07
2.8225938322e-07
2.20956713326e-07
2.54462569974e-07
2.46381239574e-07
2.31620395844e-07
2.39274842286e-07
1.76255044128e-07
2.77262970732e-07
2.71654526868e-07
2.64268178664e-07
2.23975573893e-07
2.5694622379e-07
2.51650247297e-07
2.53841679876e-07
3.31847462417e-07
2.84375448603e-07
2.66793134903e-07
2.91159458323e-07
2.78515474428e-07
2.83102102865e-07
1.99165497889e-07
2.44709887299e-07
2.67992819362e-07
2.57086955076e-07
2.63354336879e-07
2.31447899116e-07
