0.000873457377958
0.000801772876169
0.00076495486651
0.000833529673994
0.000744475779341
0.000873344283505
0.00093355714156
0.000690428671834
0.000635243186542
0.000828208909129
0.000394875795393
0.00106747924722
0.00083987746522
0.00111792385087
0.000836704433996
0.00101974969607
0.000683818716174
0.00086967964196
0.00117343880609
0.000456166000999
0.000893591184732
0.000246514960761
0.000611253055084
0.000760253423653
0.000705219280797
0.001215897689
0.00096840925462
0.000844533580495
0.00118189213454
0.000565818061449
0.000512487600352
0.000843599332614
0.000922285787637
0.00077073776658
0.000828178655097
0.000609153153885
0.000625463471604
0.000979370510827
0.000693067231272
0.000961782643683
0.000390942708221
0.00113785706438
0.000789499445705
0.00086445921095
0.000789047192417
0.000640614754486
0.000964173899258
0.000860479428709
0.0004149880568
0.000397331034308
0.000673774688812
0.000972396500871
0.000662030471865
0.000786287851352
0.000741473346796
0.00111912927101
0.0006482509651
0.000487855662241
0.000739055564444
0.000803198370967
0.00046872087297
0.000704045792675
0.000440791748074
0.000691139786881
0.000792030160333
0.00084732711969
0.000840283992046
0.000491683337378
0.000672155962004
0.000243985867359
0.00080147591111
0.000852170480887
0.000678373886728
0.000790644623831
0.000533428940656
0.000442045006917
0.000370403977787
0.000480114967511
0.000915949130938
0.000921787428845
0.000856892712728
0.000514931379019
0.00121849723837
0.000602403854719
0.000949330372342
0.00102941509633
0.00033918236458
0.000964870779789
0.000371203616368
0.000948956370864
0.000785971655038
0.00102545371732
0.00089388236679
0.000734136352448
0.000810567210708
0.00101686471511
0.00129589402475
0.00103269998094
0.000648128572285
0.000410424216718
