2.81098211338e-07
4.17730281187e-07
1.518566028e-07
2.91674159992e-07
2.42826901219e-07
2.92748437321e-07
2.28921439562e-07
2.92664828579e-07
3.9636742614e-07
3.17654970781e-07
3.78268131577e-07
2.24635908668e-07
2.50436248352e-07
2.70487894502e-07
2.24421456758e-07
2.32911746421e-07
2.38085814645e-07
1.98054862503e-07
2.91802929177e-07
2.09389230037e-07
2.24417365046e-07
2.73418184152e-07
1.86402584156e-07
2.26297388778e-07
1.64400143337e-07
3.15721193753e-07
2.83613776431e-07
2.98209433155e-07
3.16778372297e-07
3.15087938143e-07
3.30681129388e-07
2.26561493282e-07
2.20379416398e-07
3.42253950659e-07
2.25389282189e-07
3.80322884785e-07
2.32842090706e-07
2.11056873268e-07
2.02040309903e-07
3.07041420872e-07
2.27335383881e-07
2.59011995727e-07
2.03618707612e-07
2.43939385862e-07
2.15077615735e-07
2.5109232253e-07
2.92921424617e-07
3.10427630672e-07
3.1439953124e-07
3.44996565703e-07
2.41690735021e-07
2.00542906152e-07
2.19796647671e-07
2.97654744694e-07
2.4459557187e-07
2.07846117207e-07
4.62850390321e-07
2.65180758513e-07
2.80466477906e-07
2.62943953094e-07
2.85784387486e-07
2.47092536013e-07
2.76581094845e-07
3.36912451397e-07
2.04543310796e-07
2.47404299497e-07
2.7734236205e-07
2.91657615882e-07
3.00401652929e-07
2.30926574417e-07
1.70179686564e-07
2.91962450046e-07
2.49536593213e-07
2.58703833216e-07
3.18549288105e-07
2.50022924499e-07
3.51111184514e-07
2.42131288888e-07
2.56856901266e-07
2.51006484608e-07
2.13597699344e-07
3.86779294136e-07
1.95296521447e-07
1.58736595027e-07
3.41763585158e-07
2.76052112251e-07
3.82814204056e-07
4.12921154995e-07
1.8152660761e-07
2.29576216027e-07
2.58759576594e-07
2.22321713624e-07
2.60367774832e-07
2.51913282202e-07
4.09170409106e-07
2.71807436923e-07
2.64217556099e-07
2.88938002479e-07
3.82532622655e-07
1.95782310962e-07
