7.06357654387e-05
0.000199365934603
0.000109920183308
0.000222324128915
0.000207137613289
0.000211356280858
5.0638306098e-05
2.23165321252e-06
0.000205500972671
0.000254300024737
0.00020528323915
2.75862601039e-07
3.05176592976e-07
0.000221492736167
3.78909695065e-06
0.000159549128864
4.69606987413e-05
2.53209863058e-06
4.52905892302e-05
0.000208792907988
0.000227791385837
3.66164112162e-05
7.02627823722e-06
0.000159957636084
0.000157413083529
1.48607878233e-12
2.77215139429e-06
0.000171758870016
0.000205804296568
3.70503176176e-06
0.000247044865574
0.000158257503671
0.000189239597529
0.000160791879919
0.000190659680985
0.000154706680728
0.000217771208248
0.000203459347136
1.18859675354e-07
0.000242867527643
9.5352798208e-06
2.72274096932e-05
0.000141022958712
3.30600634814e-05
0.000162763929226
0.000212509623892
0.000214844958303
1.39304768247e-09
0.000185679794207
4.47581377036e-05
0.000202005660202
8.95579876007e-08
1.69087302118e-05
0.000202061751553
4.77328993598e-05
5.96172621885e-05
0.000118963446252
0.000223880844789
0.000171068124465
6.10950047359e-09
0.000166153146341
0.000261543537452
0.000186791700385
0.00021356413141
5.74342838219e-07
5.774449982e-06
0.000169963227147
0.000183639778527
0.000148534517713
6.53848751471e-05
5.01102944739e-15
6.94780528132e-05
2.28544996287e-09
1.03408706008e-06
2.69206181587e-05
1.85249208712e-05
3.88962794361e-05
0.000214475482907
0.000195716440497
2.29755369783e-05
7.33057162871e-06
1.79513368208e-05
0.000240466949769
0.000201250699142
0.000100204546846
0.000186377966682
7.19784513404e-11
7.67712627826e-06
9.33997076829e-05
5.50906356229e-05
0.000172249027761
0.000230581417643
9.07147832326e-07
1.78297277498e-08
1.42855395664e-06
3.59024452904e-05
1.65600379794e-05
8.27057026051e-05
0.000208369553053
1.52527609804e-10
