2.22968694306e-07
2.25525739095e-07
4.13997930214e-07
3.05045201046e-07
3.07230244237e-07
3.19200740355e-07
1.15417469632e-07
2.0838077801e-07
2.08074114173e-07
5.21856886783e-07
4.01353419782e-07
3.25404875734e-07
2.11566524548e-07
6.17861336233e-07
2.16570916896e-07
2.97925389195e-07
2.11784892266e-07
4.04375255177e-07
1.15508606718e-07
1.6514874043e-07
2.89504383138e-07
3.65265823868e-07
3.4453222846e-07
3.24574045338e-07
6.26386125518e-07
2.15265671755e-07
3.60886113992e-07
2.18765241192e-08
2.1529802639e-07
3.94755872713e-07
2.09973718194e-07
5.32095684974e-07
3.23703758805e-07
4.07982411136e-07
3.24620179386e-07
5.42143869376e-07
4.10056305601e-07
1.04470088739e-07
4.26845805408e-07
1.21981938243e-07
4.57082596158e-07
3.11194581805e-07
5.13648969256e-07
3.20334942669e-07
6.12032371963e-07
4.28920468344e-07
4.24178392704e-07
2.38219260462e-08
5.25503678459e-07
3.71985065184e-07
4.28800491217e-07
4.27873713285e-07
5.15477053278e-07
7.47232756791e-07
1.11742775438e-07
1.16243157865e-07
4.16730529833e-07
1.13900762135e-07
2.15614624147e-07
2.03516473768e-07
2.24932560656e-07
3.20838878506e-10
5.14269467052e-07
3.01372238206e-07
4.08286948524e-07
4.59004367484e-07
1.11426794753e-07
2.34394018458e-08
4.64361874898e-07
3.089619635e-07
2.15468376148e-07
2.92566374821e-07
2.55904905424e-07
5.63696506012e-07
7.47385224405e-07
2.88095294426e-07
3.42931090237e-07
3.08781443051e-07
1.16579381601e-07
3.08673067728e-07
5.09954057805e-07
1.14126546104e-07
3.22389298271e-07
3.10292934419e-07
2.07557881269e-07
2.18407794897e-07
2.40495364649e-08
1.12109229219e-07
2.12437457154e-07
2.11394013525e-07
3.24164765379e-07
2.95584361909e-07
4.55052808286e-07
3.0791936279e-07
5.36041530373e-07
2.04223403823e-07
4.19126959988e-07
6.29675453567e-07
2.10520600505e-07
5.17194816477e-07
