1.91501567054e-06
2.37652290403e-05
2.14186286423e-05
1.78405467739e-05
3.58128800382e-06
1.61139489016e-07
2.52809525564e-05
1.6789391742e-05
1.39034220871e-05
2.07167409338e-05
1.87703325725e-05
1.67793033242e-05
2.13675002606e-05
4.79641877082e-07
2.32095316394e-07
6.10548274021e-06
2.90365830029e-08
3.14681720568e-06
2.07309318638e-05
2.10628399811e-05
2.28688055332e-05
1.08978312109e-05
1.48766643692e-05
8.7156051124e-06
2.09819024013e-05
1.0584111857e-11
1.21816454675e-09
1.90548507494e-05
2.36102621459e-05
2.20905117898e-05
4.46761536392e-06
1.84926049059e-05
2.00198991554e-05
2.07806932959e-05
4.12289956164e-08
1.72408875489e-05
7.76191000588e-06
2.63211931435e-05
1.70104214856e-05
2.69857636595e-05
1.90546852356e-06
2.30742265031e-05
4.46799414528e-06
2.03787011018e-05
1.67602495208e-05
3.65700752911e-06
1.74213342566e-05
2.11512448243e-05
2.58954468115e-05
2.19067124459e-05
1.36582464023e-12
7.79644390451e-12
2.56156376698e-06
2.21507164539e-05
1.2928621519e-05
1.85498584557e-05
5.41242736216e-06
2.17781221981e-05
8.2823735191e-08
8.96302225177e-06
1.93905886392e-05
4.40696878251e-06
2.05489558645e-05
1.6368288232e-05
1.50334846396e-05
1.37759273876e-05
1.97114601655e-05
3.22598849344e-07
5.85398658829e-07
1.99398674861e-05
1.18008818476e-05
4.90455198057e-05
7.91338431088e-06
1.06249834745e-05
3.24827386966e-06
1.35300233725e-05
1.49842610805e-05
1.61289246278e-07
1.64426186808e-05
1.64661984377e-05
2.35327079309e-05
9.37375416784e-07
2.15145931003e-05
1.57147476717e-05
2.12636980794e-05
2.75226323242e-05
1.68015146046e-05
3.82218708517e-08
2.00094970494e-05
1.74948315413e-05
2.07386674644e-05
2.1104350429e-05
1.60699556424e-05
2.32378150527e-07
6.77063363116e-07
1.30221328613e-06
1.54185930142e-05
2.01577448917e-05
2.41579895482e-06
1.87707080534e-05
