2.02084765682e-07
2.14082306387e-07
5.83928855221e-08
1.20392493764e-06
2.15635920808e-07
2.39457021976e-07
1.92048028594e-07
1.70929952845e-07
2.60039808907e-09
1.15732737154e-06
2.07353805232e-07
2.30892715395e-07
1.91785217427e-07
5.93211479853e-09
2.38820825442e-07
1.78528949698e-07
2.27877341605e-07
1.11505126172e-06
2.67530606549e-07
2.08598518972e-07
2.31517162939e-07
1.11504415602e-06
1.93642361204e-07
2.14082811396e-07
1.74629228217e-07
1.77586002885e-07
2.12542907294e-07
2.02308439192e-07
2.01518901137e-07
1.91128891168e-07
1.96248064185e-07
1.07040685291e-06
1.18259534872e-06
1.26381494248e-06
2.14254075367e-07
2.23510508277e-06
1.14845009045e-06
1.14190780077e-07
1.16451635579e-06
1.78019751792e-08
2.03487737041e-07
2.09256695369e-07
2.01635860892e-07
1.97143638164e-07
1.11593008447e-06
1.96251723739e-07
2.16428023895e-07
1.96877441436e-07
2.14555467574e-07
2.3538793462e-07
2.37061288043e-07
1.22726685246e-06
1.70501559806e-07
1.15640759321e-06
2.14358358864e-07
2.26191637464e-07
2.11327557354e-06
9.03597639306e-09
1.68015668676e-07
1.99471831454e-07
2.48459910716e-07
2.09646647689e-07
1.14509767088e-06
1.18968502315e-06
1.94683732711e-07
3.06978807689e-07
2.07662055173e-07
1.69612246158e-07
2.79940613951e-06
2.18600867048e-07
5.79777730637e-07
1.66854812226e-07
9.8118866883e-08
2.0319502756e-07
2.29827506297e-07
2.02971331695e-07
2.18468925208e-07
2.29012016774e-07
2.40455218224e-07
2.46680817328e-07
2.33341343413e-07
2.37317606445e-07
2.66876381971e-07
1.79444209109e-07
2.03053424409e-07
2.21335850697e-07
9.77858907047e-08
2.07094486592e-07
7.11315169257e-07
2.36622509578e-07
1.00987179548e-07
2.02581793983e-07
1.19476247512e-06
1.91403509667e-07
2.37409803352e-07
2.24736909754e-07
1.81464572708e-07
1.111046999e-06
1.11965788549e-07
1.17521219308e-06
