0.000209766298111
0.000196587819438
7.49539046349e-05
0.000208372630652
1.01673507585e-05
0.000424407487605
7.97634336402e-10
0.00024695642126
0.000174549112515
4.23020263004e-10
0.000224433903914
0.000187289599358
9.67459929227e-17
1.15308882779e-09
1.0109405135e-09
2.50635457909e-09
0.000181634879789
0.000278188943341
2.82115275138e-08
0.000240072305017
8.07084063895e-08
4.15573166897e-05
0.000232936117365
0.000214705895228
9.41451794631e-10
0.000183168369343
3.18400609483e-06
8.8376828678e-05
0.000215243964779
2.27757833583e-14
0.000165697230672
0.000193067219327
1.63905404753e-06
8.55067604626e-05
2.58109774592e-15
0.0004000354428
1.45486848202e-11
3.72896595544e-11
0.000221038473456
0.000173244820657
3.40213808851e-05
3.69548123414e-05
1.78467202618e-05
5.7935306552e-07
6.04521895723e-15
2.13219608123e-05
0.000185093264937
1.34818273833e-05
0.000226312313021
3.46784807832e-06
3.11735450978e-06
8.74353407756e-08
1.43443106882e-08
4.14344623434e-06
9.38955940115e-05
0.000124502624565
0.00015826366479
2.63615690164e-05
8.37856962752e-06
9.3781793584e-10
8.25322252271e-05
6.28955928105e-06
1.94337283264e-09
0.000181125258158
0.000183058083722
0.000180619277733
6.77359503438e-05
1.6782566624e-05
0.000132047438348
4.56923946092e-06
7.02999520947e-07
9.63581678328e-16
0.000139797688614
2.44375676361e-05
2.19050568034e-05
4.99822436128e-05
2.09422948801e-05
0.000201799116978
0.000307775844493
0.000379668097421
0.000223827037414
0.000220005486231
0.000286370619468
0.000216076026928
0.000115869193359
9.36667796236e-16
0.000216670295216
2.41666358534e-05
1.93819458265e-07
5.00200901385e-07
0.000174854745201
0.000205448557674
9.02033234724e-06
0.000242346006757
0.000238052578138
1.38452028907e-05
2.47148245206e-05
3.13844209705e-10
0.00014755026202
9.99254863145e-06
