2.4394166023e-06
3.91516877411e-06
2.17466797524e-06
2.86738120189e-06
2.39491901715e-06
3.15292735786e-06
3.35901639985e-06
4.04894745328e-06
3.99600073333e-06
3.64669927612e-06
4.06104760985e-06
3.74653112916e-06
3.70555759672e-06
3.81419602119e-06
2.1461943441e-06
2.36079844344e-06
2.519710128e-06
2.66571980562e-06
3.64717955851e-06
2.05835835559e-06
3.67630515644e-06
3.77979938516e-06
3.16707210121e-06
3.05839771068e-06
4.1635557539e-06
2.9914480662e-06
3.46326624711e-06
4.34899670062e-06
3.50129218423e-06
3.33426426295e-06
2.2523936555e-06
2.85882926205e-06
1.73317995366e-06
2.35432181777e-06
3.11674101876e-06
2.41084188954e-06
2.32371766324e-06
2.95262015166e-06
1.9512722388e-06
2.89040895828e-06
2.72481206921e-06
2.60981318436e-06
2.3882678748e-06
3.86133925988e-06
3.7992635598e-06
2.61554705506e-06
3.12938756473e-06
2.34865228295e-06
3.080020852e-06
2.57027489845e-06
2.32015055793e-06
3.5895607271e-06
2.33327664282e-06
2.85211586735e-06
3.11705004064e-06
3.29197234979e-06
2.39334945002e-06
2.93566127782e-06
4.28866589229e-06
2.63232772452e-06
3.91047118698e-06
3.60820715078e-06
4.30853879747e-06
4.14935206063e-06
3.31107725741e-06
3.00136253133e-06
3.16493280639e-06
3.45931027334e-06
3.06749942738e-06
3.05239495794e-06
2.5086512427e-06
3.22522565229e-06
1.88125713564e-06
2.30678473344e-06
2.65188720368e-06
2.28868547648e-06
2.85875512527e-06
2.82261239801e-06
2.30428077303e-06
2.41830791893e-06
3.33297527668e-06
3.5871545491e-06
2.6645176918e-06
3.29606584865e-06
3.62415448439e-06
1.86686445129e-06
2.33001108195e-06
2.11982266684e-06
2.71399804427e-06
2.73669150195e-06
3.34442517305e-06
2.86607632569e-06
1.98742475793e-06
3.65473475344e-06
2.91750344481e-06
2.03148189361e-06
3.06118401206e-06
3.02367185123e-06
1.90582494858e-06
3.96455286518e-06
