2.24548567602e-07
2.54029288991e-07
2.57706030979e-07
2.62526375356e-07
1.85344249948e-07
1.44192822411e-07
2.44641506766e-07
2.64074678751e-07
2.76999087755e-07
2.20169586101e-07
2.50541360002e-07
1.56055569425e-07
2.32614122266e-07
2.61718808621e-07
1.99969599024e-07
2.45499339432e-07
2.57354052047e-07
2.54497024226e-07
1.90613383163e-07
1.70913856998e-07
2.94534801408e-07
2.87029965992e-07
2.18822164498e-07
1.63058033213e-07
2.2966807237e-07
2.57142141392e-07
2.66403635559e-07
1.57434216561e-07
2.54840642372e-07
2.66235290045e-07
2.98856481663e-07
2.25357597786e-07
2.56077709653e-07
2.71109732547e-07
1.80731673741e-07
1.54708557878e-07
2.62409139811e-07
2.94215008289e-07
1.88705067476e-07
2.71778620032e-07
2.3908499867e-07
2.0350782415e-07
2.66616554211e-07
2.02830842323e-07
2.60367662788e-07
2.9754271832e-07
1.58666341241e-07
2.42812295421e-07
2.31609906285e-07
3.27417903356e-07
2.22618367711e-07
2.71746611008e-07
1.78991488867e-07
2.47368001156e-07
1.75627983042e-07
2.57857152357e-07
3.06948336565e-07
1.59422648911e-07
1.65659308655e-07
2.50888010239e-07
2.08511913387e-07
2.55533042407e-07
2.65812802569e-07
1.71619155411e-07
2.78902827132e-07
3.11726968606e-07
1.81154958296e-07
2.38005898688e-07
2.23866143457e-07
1.98486794168e-07
2.56223223137e-07
2.4458595074e-07
1.93395957152e-07
2.70273489991e-07
2.15821629431e-07
2.46911306342e-07
2.93619360996e-07
2.10915014318e-07
1.69679997195e-07
2.48964843819e-07
1.91209517877e-07
2.97435131539e-07
2.57175034438e-07
3.32548241295e-07
2.38014410847e-07
1.35031269814e-07
2.13891892059e-07
2.3366529853e-07
1.90378405968e-07
1.3777666605e-07
2.20187035279e-07
2.90717273088e-07
2.46700193643e-07
2.97830225711e-07
2.68581224361e-07
2.01593255587e-07
1.8877319339e-07
1.96671307656e-07
2.60433446245e-07
2.87026791971e-07
