2.13797262276e-05
3.32148625424e-05
2.80746661688e-05
2.8829440986e-05
2.32518393653e-05
1.58968257048e-05
3.21059076759e-05
2.0616062603e-05
1.41577988407e-05
2.82980490005e-05
1.59652566e-05
3.10687823788e-05
2.75905430705e-05
2.67821318189e-05
2.12004146401e-05
1.81232864525e-05
2.46523791658e-05
2.56811402124e-05
4.02020501968e-05
2.62776700905e-05
2.44928000312e-05
3.17988961617e-05
2.86714355093e-05
2.73338958918e-05
2.7532975345e-05
2.26665288765e-05
2.59685159974e-05
2.6568659124e-05
3.03104673396e-05
2.04116109177e-05
2.33314858955e-05
1.68536507264e-05
2.33089993387e-05
2.83890628e-05
2.86685111636e-05
2.50992449131e-05
3.02419092732e-05
2.04986390852e-05
1.89441450456e-05
2.66424444863e-05
2.97535123926e-05
1.97212247526e-05
2.24803351351e-05
2.50713158665e-05
2.22886949714e-05
2.49037118305e-05
2.58218214871e-05
2.37946608732e-05
2.28743699738e-05
2.04348468202e-05
2.25690133225e-05
2.58303640132e-05
2.28219096771e-05
3.40264067743e-05
2.95213605277e-05
1.88801440096e-05
2.02666545568e-05
3.52034776639e-05
2.49742628535e-05
2.84911901687e-05
2.32527320854e-05
2.94971583091e-05
1.92229981533e-05
2.12308235227e-05
2.26276023203e-05
2.84366733871e-05
2.0502859139e-05
1.31237814385e-05
2.40227141424e-05
2.51621232219e-05
1.45477741941e-05
3.72994619101e-05
2.63809188093e-05
2.65150304013e-05
2.81239552044e-05
2.36172435234e-05
2.47570887251e-05
3.3391887602e-05
1.73850475181e-05
2.44303165689e-05
2.80622572499e-05
2.32362455998e-05
2.48906402986e-05
2.68280024058e-05
3.33995348087e-05
2.71264041539e-05
2.47783833579e-05
2.74981431426e-05
2.74741005025e-05
1.65470566359e-05
2.01882086974e-05
2.93668161062e-05
2.27917724149e-05
2.23340583467e-05
3.10789770255e-05
3.01731851797e-05
3.16319649155e-05
2.21164017605e-05
2.47083523162e-05
2.70138136368e-05
