1.70604070082e-06
1.67249062602e-06
8.53063174693e-07
2.00689563488e-06
6.89528922979e-07
7.09513765354e-07
2.33033151957e-06
8.47806669549e-19
1.76049637276e-06
8.43319663772e-06
1.18530491575e-06
2.31756361823e-06
2.93077140186e-07
7.17845407142e-06
9.84610287601e-06
1.12033008029e-06
2.36602075499e-06
1.16876211831e-06
2.39081585786e-06
1.9448067838e-06
1.99990317434e-06
1.14557118159e-05
2.13057041342e-06
2.00341456227e-06
6.27613514134e-07
1.29131469237e-08
5.21703761066e-06
2.13045675731e-05
4.34585363585e-12
1.11418748967e-05
2.30580405535e-06
2.7512801127e-07
1.09169243047e-06
2.08409761598e-06
3.82635181105e-06
1.13974799437e-05
1.12060563958e-05
2.16202392074e-05
1.66261674413e-06
2.48689660082e-06
2.2526292848e-06
2.38343516592e-06
8.74341145879e-07
1.10811040928e-05
1.89428769476e-06
2.08981414467e-06
2.2052390608e-06
1.09470591964e-05
1.96551269246e-06
2.22497447899e-06
2.25198977941e-06
1.09821255421e-09
2.42180607731e-06
2.48308785299e-06
2.03196375825e-06
2.22140011001e-06
5.86325208917e-06
5.14741221705e-07
5.99573689372e-06
3.93401400035e-06
2.14036499433e-06
1.33577909474e-05
1.92196188387e-06
1.22092181156e-05
2.20701678306e-06
2.3678297323e-06
1.64329465776e-06
1.73781622073e-06
1.09852549085e-05
3.80195902162e-06
1.29429678096e-06
1.08590711031e-06
1.61505648736e-06
1.26054892406e-05
7.21462818414e-07
1.81717266661e-06
1.13980030501e-05
1.06979733183e-05
2.26071886283e-06
2.23095484054e-06
2.75287096497e-07
1.04678108137e-05
9.28912967268e-06
2.31828899854e-06
2.28928293205e-06
3.73772200995e-06
3.20121095667e-06
1.9656376477e-05
1.11167257035e-05
3.28751877025e-10
1.16067175312e-05
2.52945296976e-06
5.86928789024e-06
1.42298687001e-05
1.33415850335e-06
2.75321041453e-06
1.16259775302e-05
1.92103770613e-06
3.46571199496e-06
1.13264572168e-05
