0.000530085432866
0.000373874968552
0.000248844778425
0.00023061801266
0.000296039373015
0.000346835387836
0.000325251507944
0.000270052880749
0.000329494766619
0.00022935223117
0.000249030289875
0.000295856284339
0.000469430836343
0.000353910306461
0.000442101599039
0.000407793715188
0.000226701214145
0.000321925885505
0.000426904258294
0.000334177940563
0.000330414706501
0.000396613020557
0.000236648173238
0.000336294384331
0.000421236749993
0.000418425493453
0.000425919035316
0.000313912605471
0.000259917217068
0.000226811386909
0.000328432201167
0.000381495210922
0.000325390001106
0.000366769083959
0.000283191595349
0.000290919710255
0.000321691773086
0.000343846053456
0.000294603107835
0.000290740507531
0.000395561702674
0.000282836293417
0.000356651477402
0.000393797924216
0.000372188315325
0.00034679399639
0.000300963119012
0.000444429855968
0.000257258863969
0.000456857527841
0.000333559721199
0.000300322792462
0.000445440564709
0.000354603537989
0.000371918995576
0.000344361023377
0.000326682671057
0.000438463066351
0.000350865783855
0.000456840966636
0.000245029637913
0.000329677626273
0.00033401164593
0.000291597188137
0.000479801063564
0.000310175417221
0.000363654727231
0.000372299808709
0.000382458490749
0.000210756210834
0.000269206711991
0.00042496591156
0.000367188908827
0.000433491279382
0.000255027485285
0.000359309405739
0.000306278274151
0.000374954828573
0.000307666385608
0.000324021744665
0.000553259419912
0.000272290266578
0.000344566186982
0.000405642070826
0.000243571326144
0.000504787447828
0.000395523914734
0.000315278712816
0.000299934632773
0.000341281956622
0.000409534165565
0.00033067170402
0.000243772895702
0.00039458123024
0.000450279465651
0.000321266570843
0.000383040564552
0.000375854498943
0.00023202677314
0.000326078660351
