1.78252980183e-06
2.0784059967e-06
2.75851513705e-06
2.15287360365e-06
2.98862890944e-06
2.80594008991e-06
2.92274603152e-06
2.44954075585e-06
2.3434951017e-06
2.05517224213e-06
2.92735905782e-06
2.47851146413e-06
2.26849384447e-06
2.5893042084e-06
2.13120636358e-06
1.89687173815e-06
1.77220955537e-06
1.9796043957e-06
2.2251342849e-06
2.53420457251e-06
1.97502309127e-06
2.47216104785e-06
2.25324717008e-06
3.25430379623e-06
2.76158035119e-06
2.69864768302e-06
1.91986360272e-06
1.57945798977e-06
2.51698342887e-06
2.50398462132e-06
2.33949522071e-06
2.79633243142e-06
2.98870816729e-06
2.34442357582e-06
2.59186476394e-06
2.7547058027e-06
2.38677791934e-06
2.94768556591e-06
2.66584505211e-06
1.95334717705e-06
2.47837998704e-06
2.4332774021e-06
1.98828743717e-06
1.64715183792e-06
2.64106196163e-06
2.38185650405e-06
2.11856244853e-06
2.87006837751e-06
2.72534071066e-06
2.47795411616e-06
2.77961785965e-06
3.42360747999e-06
2.17983972712e-06
2.08718702888e-06
2.12065193741e-06
2.71495206056e-06
2.73458665803e-06
2.6683592905e-06
1.63698869481e-06
1.67023939012e-06
2.29075653793e-06
2.04719569791e-06
3.12041812867e-06
2.21172096833e-06
2.2781217035e-06
2.54350629113e-06
2.66865588849e-06
2.31929710332e-06
2.35125464336e-06
2.87339237196e-06
1.94007759571e-06
1.8867280018e-06
1.84477981444e-06
1.83652771748e-06
2.29483609288e-06
2.79247370153e-06
3.08195128333e-06
2.24630105072e-06
2.54769256881e-06
2.48451338555e-06
2.68929742169e-06
3.0349566342e-06
2.37424769279e-06
2.77739847501e-06
2.56316875497e-06
1.9387918132e-06
2.83550747819e-06
2.23651114896e-06
2.5684159859e-06
2.25548035374e-06
1.82734255183e-06
2.91433820675e-06
2.34097356455e-06
2.82386385384e-06
1.87928169173e-06
1.73335607092e-06
2.5267816784e-06
2.28561295116e-06
3.23039737238e-06
2.87384954222e-06
