0.000239396337703
0.000250823157211
0.000254582515296
0.000254675800323
0.000264404787388
8.49935867329e-05
0.000219359591571
0.000154391463459
0.000203168791401
0.000272803986569
0.000232891325416
0.000182165730918
0.000250017923435
0.000250289565243
0.000212604347453
0.00026401416988
0.000187464072749
0.000180943801096
0.000299830490769
0.000162553887948
0.000287860518983
0.000172329086379
0.000161354430985
0.00024359490258
0.000243810646629
0.000192475911473
0.000270634104798
0.000195749984065
0.00023638759014
0.000167093749449
0.000239039689195
0.000180036534132
0.000181868637253
0.00022961694036
0.000299697596839
0.000234820597846
0.000257449306836
0.000262589965691
0.000236109026529
0.000224964936026
0.000245027969277
0.000268689958535
0.000341946161178
0.000202088704053
0.000175257254236
0.000254799449594
0.000268072634699
0.000296204245454
0.000255075189433
0.000339231320948
0.000300395138843
0.000237601835735
0.000212291656833
0.000291913597525
0.000238510279084
0.000210906972524
0.000159264441484
0.000259863799025
0.000336617187788
0.000292608974547
0.000202778626032
0.000353698727331
0.00023377545034
0.000270123555388
0.000213450685698
0.000257135815054
0.000190574464632
0.000182813129673
0.000249562829875
0.00025225692509
0.00022068835664
0.00023037838376
0.000151629348744
0.000200197034383
0.000306754687431
0.000303340799358
0.000159733194155
0.000198025730394
0.000277558250398
0.000154421978411
0.000200991382041
0.000210602027029
0.000139477726896
0.000282410157526
0.000145032967018
0.00025382673923
0.000298898236886
0.000304226281084
0.00034706353968
0.000185057305283
0.000291557172648
0.000246681171496
0.000216466844087
0.000186604580882
0.000287922933721
0.00026243360118
0.000190661284277
0.000166566154571
0.000269944398189
0.000245053718298
