1.32349307268e-06
6.66678962934e-06
1.75997589614e-05
1.6543472235e-09
3.01664336326e-06
2.3002048938e-05
1.43653634542e-06
5.01114723505e-06
5.78429549821e-06
1.72449827326e-08
7.10008470791e-12
3.3212843662e-11
5.75635117544e-08
6.23367476784e-06
2.29693569982e-10
1.96172927344e-05
2.08892905494e-05
2.27476672469e-05
2.0515717112e-05
1.91168801799e-05
5.33892971178e-06
1.78383703896e-05
1.82761371391e-05
2.04366526121e-05
2.00959631831e-05
2.06920259178e-05
2.56286656667e-05
2.02227890041e-05
1.71534282923e-05
1.87546199237e-05
1.50067445941e-05
2.07999721957e-05
9.65694889871e-06
3.30624180468e-05
9.73564460689e-06
6.27092464672e-06
5.39550969077e-05
1.34733244858e-06
1.83663590655e-05
8.90549919191e-07
1.33123496285e-05
2.23259945112e-05
1.60044390399e-08
1.7789331982e-05
7.02098561685e-06
9.54158074651e-06
6.05339989861e-06
2.07832386789e-05
2.11541751065e-06
1.96156511879e-05
2.01442277634e-05
1.80836068086e-05
3.14285445531e-05
5.74076347748e-05
9.93650609773e-06
1.83051347819e-05
3.16763491063e-06
1.16526970848e-05
1.62314016696e-11
2.44841879708e-05
1.46461647856e-05
6.65801822911e-05
2.28213881452e-05
2.21071016007e-05
1.92746649186e-05
1.95789778513e-05
1.59152219463e-09
4.42373138679e-06
1.37834827724e-05
3.54230567259e-05
2.97035656743e-05
4.06852309569e-05
3.44380057897e-06
2.10509354994e-05
4.36564762478e-05
2.38831526671e-05
1.54711210738e-05
4.64515541054e-05
2.35349468783e-05
1.96047645124e-05
8.90873106702e-06
2.31071858138e-05
8.85807298175e-06
2.13992145475e-05
7.37055555087e-14
1.01146737751e-05
6.70074379569e-06
3.83920756845e-05
1.96816119264e-05
1.75152233827e-10
1.72850350508e-05
1.29076778928e-05
3.08742325785e-05
1.78726344096e-05
1.75885237487e-05
2.54290364664e-05
8.52012943133e-06
2.12905606629e-05
2.04125765081e-05
9.54498258231e-07
