3.87672765153e-06
2.83657639324e-06
1.80599331728e-06
2.5115954611e-06
2.37106478883e-06
3.26069864009e-06
2.46816420991e-06
4.08154643443e-06
2.67962778484e-06
1.55956321336e-06
2.36037348645e-06
2.87920877261e-06
3.1850512069e-06
2.25118441546e-06
3.16529427354e-06
2.79743833903e-06
4.61392820348e-06
4.04483021685e-06
2.25431514787e-06
3.62195915229e-06
1.96471151032e-06
1.79840245964e-06
2.40606770872e-06
3.01720120573e-06
2.59361151559e-06
1.85361464792e-06
4.73512355565e-06
2.51727045548e-06
2.13288483106e-06
2.33883348029e-06
2.096376918e-06
2.42014079054e-06
3.0882651682e-06
3.0816718058e-06
2.19867267655e-06
3.38525174971e-06
2.54818021504e-06
2.97069812727e-06
3.91573429005e-06
2.11787568519e-06
3.28528899645e-06
4.25031570134e-06
2.30455019067e-06
2.43667139382e-06
1.97725707861e-06
1.86700654259e-06
2.68343247444e-06
1.43263574353e-06
2.30796401506e-06
1.94172158755e-06
4.59787044063e-06
3.31279098159e-06
2.57694892366e-06
2.51587542652e-06
6.97005067116e-07
4.35966540482e-06
1.59771176739e-06
2.613840398e-06
2.00670868386e-06
2.1032315495e-06
2.2396723104e-06
2.60031837456e-06
2.15922424613e-06
3.88790525178e-06
2.82878626048e-06
2.6255512789e-06
4.40142623746e-06
3.12697695392e-06
2.50846125731e-06
1.72262117405e-06
2.19740784357e-06
3.43547653215e-06
2.89147215887e-06
1.62869919684e-06
2.03916041234e-06
1.69032797316e-06
2.72367195916e-06
3.18545524523e-06
1.87759877318e-06
3.60553579984e-06
2.74853265782e-06
2.2368069399e-06
3.03798457178e-06
2.85622164222e-06
3.15327536907e-06
2.60375932911e-06
4.71846613945e-06
2.11503629786e-06
2.80920313223e-06
3.77273840829e-06
2.89715780545e-06
2.89903008439e-06
1.65295399243e-06
2.74726547628e-06
2.4271713318e-06
2.3156315499e-06
1.93754577922e-06
2.61449888218e-06
2.79823862795e-06
2.58718810718e-06
