1.89606922777e-06
1.50893957614e-06
1.15900412795e-06
1.77051419535e-06
1.95009712252e-06
1.62689666196e-07
8.89262314914e-07
2.22773883206e-06
2.64508728892e-07
1.96636450413e-06
2.35040174129e-06
1.41900090857e-07
2.33516575782e-06
1.97018450264e-06
1.84928577212e-06
2.41316570392e-06
2.35052754453e-06
2.10607034296e-08
1.07951305373e-06
1.94094647488e-06
2.04360452442e-06
1.86501800605e-06
2.27342660248e-06
2.28209696507e-06
1.96076005885e-06
1.3895879033e-12
1.0757462651e-06
1.65369818025e-06
1.91609992668e-06
2.4533501736e-06
1.99185308214e-06
1.72639389175e-06
1.0629730646e-05
2.3554849676e-06
2.0957544229e-06
2.31928740222e-06
2.18098001086e-06
1.95390533179e-07
1.47459614986e-06
1.85169124007e-06
6.64015694898e-07
2.15465338842e-06
2.63555256306e-06
1.81287799089e-06
8.5881766766e-07
1.91176221664e-06
2.09647353162e-06
1.9634960026e-06
8.4166454523e-07
2.30666777871e-06
1.96322596014e-06
4.91645340693e-07
9.4412700203e-07
1.95075434132e-06
2.53461201964e-06
2.26718051949e-06
6.76222219294e-09
2.2108172673e-06
2.15220895948e-06
2.15266481922e-06
1.95870695237e-06
2.15745413809e-06
1.8559278654e-06
1.89672218756e-06
7.15567206226e-07
2.43723955458e-06
2.30899405033e-06
2.05311409952e-06
1.80216842994e-06
1.5310051481e-06
5.21023228921e-06
3.49326521943e-07
1.84451449276e-07
1.61719436177e-07
2.26306422571e-06
2.72516345753e-06
1.61031942986e-06
2.10036045454e-06
2.10964896446e-06
2.09931650514e-06
1.06323351062e-06
5.75297571799e-07
2.00328032296e-06
2.10561224708e-06
1.45361693565e-06
1.56639820575e-08
2.15298933769e-06
2.39932762301e-06
1.13636564484e-05
2.18351314665e-06
1.89744173692e-06
1.76397925367e-07
4.58311089029e-06
2.4188115173e-06
1.19935432003e-06
7.86058707409e-08
2.37598693492e-06
2.52257267495e-07
6.71084055346e-07
2.16575320044e-06
