2.06339569716e-07
3.36577159464e-07
3.02829753968e-07
4.3463913283e-07
2.71971000871e-07
2.80622751126e-07
2.98876879966e-07
4.05814354156e-07
2.87006560639e-07
4.8036880352e-07
3.01138304963e-07
3.65113051529e-07
2.89598977173e-07
3.28150380296e-07
2.1855904756e-07
2.74384206692e-07
2.72610581219e-07
2.89661530105e-07
2.47190693006e-07
3.17792263322e-07
2.28783107259e-07
2.31797257726e-07
2.56881889567e-07
3.67306814241e-07
2.3131490866e-07
2.69159529044e-07
3.37217489773e-07
2.26275927278e-07
2.60667013079e-07
2.60189193581e-07
1.43322949528e-07
2.36904081183e-07
2.88606068881e-07
4.32937279831e-07
2.73677126774e-07
2.57660508266e-07
3.53129696667e-07
2.30608482912e-07
3.26899589069e-07
1.92984019482e-07
1.91421624747e-07
2.49048842776e-07
3.46115601191e-07
3.26504850311e-07
3.01807904803e-07
2.43365687321e-07
2.73713010575e-07
2.16472555282e-07
2.71337903314e-07
3.45633430348e-07
2.60742276339e-07
2.59250990401e-07
2.8255696556e-07
3.26213462255e-07
2.94327742439e-07
1.53988836776e-07
3.20247446296e-07
2.48193096327e-07
2.83344030311e-07
1.79660978008e-07
2.69941323563e-07
2.20105872694e-07
3.26051489835e-07
2.4280559247e-07
2.60357500939e-07
2.96226282519e-07
2.57363492969e-07
3.56365465187e-07
3.00853873522e-07
3.9858063781e-07
2.85605410229e-07
2.96888349337e-07
3.31532025111e-07
2.61097005318e-07
3.92502977938e-07
3.6818527425e-07
2.97575841505e-07
2.87687409586e-07
2.72653581918e-07
3.0743039184e-07
3.21888749147e-07
2.4790675099e-07
3.96895152539e-07
3.4608834996e-07
2.69301546707e-07
1.90594007687e-07
2.97422945266e-07
3.37372651081e-07
3.15738847735e-07
2.19088509385e-07
3.18621124421e-07
2.56693906031e-07
3.089062385e-07
3.17792985918e-07
4.03113726036e-07
2.07063554313e-07
3.03625063624e-07
3.79492597492e-07
2.4024444921e-07
2.55512397057e-07
