1.88975216896e-07
2.28774715354e-07
2.17939254365e-07
2.90480034831e-07
2.6519342224e-07
2.57856252944e-07
3.33369322077e-07
2.42580435587e-07
2.96928681751e-07
2.64226893579e-07
2.72502850526e-07
2.24266008435e-07
2.80073665483e-07
3.50886437022e-07
1.86987352981e-07
1.77603561927e-07
2.13682014698e-07
2.32833932142e-07
2.23490240321e-07
2.80433081301e-07
1.55562146038e-07
2.45010462081e-07
2.55548543328e-07
2.69147438494e-07
3.17874332283e-07
2.96425862926e-07
1.82281482945e-07
2.73707013271e-07
3.76397020507e-07
2.54650906876e-07
2.2495605378e-07
2.97576620434e-07
2.94061639117e-07
2.82697789848e-07
2.11865582336e-07
2.47500720494e-07
2.51019054975e-07
2.38059109713e-07
3.15659533967e-07
2.68900580881e-07
1.61441698931e-07
2.89136422295e-07
2.60350734768e-07
2.99310314658e-07
3.27840730012e-07
2.19158939462e-07
2.75223246312e-07
1.49381424195e-07
2.62329361981e-07
2.61284225222e-07
3.58179649223e-07
2.22554868397e-07
2.89120332603e-07
2.38648991803e-07
2.34197227214e-07
2.70193137082e-07
2.06831040445e-07
2.68325863059e-07
2.68870491729e-07
1.91371540166e-07
1.93338583252e-07
1.89685248125e-07
1.74002905576e-07
1.84797246675e-07
2.59547004441e-07
1.30371269239e-07
2.41510201841e-07
2.79975689496e-07
3.03782340498e-07
2.22655680181e-07
2.77689322392e-07
2.23702522528e-07
1.34518195497e-07
2.22359289942e-07
2.1730367259e-07
2.38075463992e-07
2.904577577e-07
2.56355322395e-07
2.26595491457e-07
2.62585226764e-07
2.45475683258e-07
2.29533103228e-07
2.42230315195e-07
1.94286093293e-07
3.03913528489e-07
3.01550204585e-07
2.24665633909e-07
2.65640910101e-07
3.13425325452e-07
2.79485043602e-07
3.13163739667e-07
3.19370774245e-07
2.16897484856e-07
2.6211107561e-07
2.83188804081e-07
2.19341406401e-07
2.52954708142e-07
2.82861081061e-07
1.87144681586e-07
2.92428998619e-07
