0.00159423627657
0.000957292643327
0.00175658751331
0.00131656521992
0.00100103882335
0.0017156208094
0.00195082345771
0.00122209491878
0.00171362566556
0.00147310947275
0.000786887232039
0.00139226381653
0.000335027871212
0.0014559152647
0.00125192142346
0.000994171993836
0.00194081521346
0.00108757487651
0.00103131867156
0.00120721212015
0.00132607479642
0.000687706611047
0.00107123572264
0.00137531101195
0.00125477816672
0.00244255375106
0.00157263419305
0.00213779075131
0.00235851585545
0.000913942279362
0.000745758419351
0.000913136107717
0.00112566401854
0.00059442442922
0.000862071363853
0.00103974348952
0.00158372921689
0.00184251125317
0.00157068702364
0.00139407857929
0.000780659376127
0.00110840095382
0.000925383089867
0.00187724624116
0.000671207558302
0.00148533535723
0.00212668068841
0.000564041615675
0.000676201777938
0.000608395602708
0.00137365276689
0.00109556455788
0.00119424264929
0.000512016248468
0.00084836202248
0.0014400672676
0.00122811304964
0.000835398841599
0.00202160837759
0.000949729379578
0.00065968058208
0.00134393135394
0.00075421269255
0.00110753670269
0.000842551962225
0.00172887763836
0.00122079677354
0.000244657984575
0.00179299877543
0.000783185177487
0.000898567383965
0.00174156951928
0.000734727571419
0.00104106453302
0.00102008169433
0.0011621837103
0.000756829628645
0.00104735730513
0.0015397122915
0.00113913693949
0.00183900566131
0.000516923581097
0.00206218047631
0.000641733692992
0.00134681583026
0.00250658219461
0.0010078709042
0.000954418775956
0.000778116436368
0.00158480157663
0.00111213028974
0.000909793291459
0.00145512331353
0.00163320073287
0.00188454550562
0.000600874685178
0.00161402788455
0.00118783445305
0.000630664542164
0.00119268928259
