2.98592063183e-05
2.86807802432e-05
3.40909538348e-05
2.14370113087e-05
2.40441826811e-05
1.60503088814e-05
2.37365050182e-05
3.08535353713e-05
2.66457345645e-05
3.35117292377e-05
3.27768966034e-05
2.493811487e-05
2.16417255217e-05
2.60919901988e-05
3.08542550834e-05
3.77462872497e-05
1.94012910967e-05
3.4125437051e-05
3.10747814289e-05
2.73124423026e-05
2.29397921364e-05
2.07420454601e-05
2.03301663704e-05
2.17398639657e-05
2.05451071986e-05
2.37223464888e-05
2.49030449916e-05
2.27911005166e-05
3.19151499861e-05
2.16329987532e-05
3.46116092586e-05
2.63554090114e-05
2.10621982129e-05
2.88265712822e-05
2.23801347487e-05
2.26772923904e-05
2.32650579171e-05
1.89600173618e-05
1.94382287371e-05
2.71627089261e-05
2.96259625183e-05
3.46000252993e-05
2.36463540058e-05
2.35033070872e-05
2.67245589544e-05
2.38734318741e-05
2.13119099778e-05
3.07542718616e-05
2.51421462121e-05
2.14379029357e-05
2.16011711209e-05
4.17854245725e-05
2.47810157271e-05
2.43695789975e-05
2.20434102585e-05
2.80988988577e-05
2.76381480354e-05
3.00831504618e-05
3.28154752322e-05
2.19290349592e-05
2.55690898651e-05
2.51418039216e-05
2.47130533044e-05
2.59834084003e-05
2.50288567177e-05
2.31292221471e-05
2.43105245344e-05
3.38393605355e-05
4.14908158707e-05
2.76326555994e-05
2.91151247124e-05
1.69033409994e-05
2.08312511238e-05
2.70776201383e-05
2.73504888219e-05
2.69415104278e-05
3.39148556963e-05
2.5182005552e-05
2.78523533627e-05
2.21948288256e-05
2.65702571776e-05
2.83866325693e-05
2.13754449408e-05
4.02026142477e-05
2.86476622913e-05
4.28375395507e-05
2.78111766711e-05
2.02427743258e-05
2.89433411653e-05
2.36984913931e-05
1.97558909116e-05
2.27347457717e-05
3.02552269074e-05
3.08468094303e-05
2.05977022023e-05
2.18308286254e-05
3.19073518106e-05
2.34840730125e-05
2.20439060335e-05
2.52643343903e-05
