2.9897370705e-06
2.11750975531e-06
1.31896812232e-06
2.16761350323e-06
2.45558420706e-06
1.12282645215e-06
2.09553351905e-06
1.07008866305e-06
3.24071165177e-06
3.16194382729e-06
8.86622278415e-07
3.19499546902e-06
6.40596215883e-06
1.22439081998e-06
3.01252229293e-06
1.07967387338e-06
2.64864807952e-06
3.20692887772e-06
6.07754204927e-06
2.81486839844e-06
2.46928585282e-07
8.72578302344e-06
3.01760621861e-06
3.7690426943e-06
4.15413897102e-06
3.18146051317e-06
5.30704361681e-06
5.16060670194e-06
3.0579952322e-06
6.3484839493e-06
2.90924149576e-06
1.31169590971e-06
2.44187077019e-06
1.34327951171e-06
1.48387263069e-06
3.35624523249e-06
5.13477011379e-06
2.072932241e-06
3.33534811388e-06
3.34885781066e-06
4.11970184424e-06
3.02478834057e-06
1.12589435221e-06
6.64669078694e-06
4.18772642976e-06
3.27577124347e-06
1.11855070369e-06
4.41399562798e-06
4.20856949692e-06
4.14563789173e-06
2.28034888317e-07
5.37810598964e-06
1.77244528134e-06
5.28669932018e-06
2.18315941743e-06
7.21691871745e-06
3.14287523033e-06
3.2441440416e-06
5.70691988792e-06
4.6252350565e-06
2.09938854372e-06
2.52758646124e-06
2.16324936888e-06
3.43149693271e-06
3.06800691137e-06
7.70197456469e-07
3.92085497729e-06
1.04553214503e-06
2.05351477456e-06
4.33794641405e-07
3.31033293879e-06
9.47256257341e-07
7.94385637651e-08
5.16819196476e-06
1.4550600737e-06
3.16359646146e-06
7.6826706514e-06
2.15898601215e-06
3.17462822105e-06
2.80883503592e-06
4.19269005263e-06
2.51593333657e-06
4.13133226189e-06
3.03446100733e-06
5.23083924441e-06
1.96910357227e-06
3.00317694991e-06
3.62790940136e-06
2.10536808487e-06
4.19581645079e-06
3.15420485408e-06
3.16491188703e-06
3.17626280216e-06
6.03485928006e-06
3.05132378768e-06
1.04559220288e-06
2.12652816985e-06
2.58934012705e-06
2.071488167e-06
8.54545916599e-07
