4.84461226309e-06
8.09188458848e-07
2.84189106736e-06
4.35482793598e-06
4.38750195535e-06
5.07779916297e-06
4.96777070221e-06
4.34224046957e-06
4.20207310379e-06
1.36155339075e-06
3.73180238109e-06
2.47687591149e-07
4.18392066168e-06
1.08323617125e-06
6.04157946379e-11
5.12402598362e-06
4.49936522375e-06
3.67227859364e-06
4.35255269293e-06
1.82763332573e-06
4.43943901195e-06
4.22436701353e-06
4.86640734231e-06
7.50862162134e-11
4.20911505118e-06
1.0938437675e-09
4.48486969266e-06
8.01809562366e-07
1.618212275e-06
4.88490691275e-06
2.70743731654e-06
2.84665333626e-06
1.64225064858e-06
2.91275550339e-06
4.70076457578e-06
3.34700248011e-08
5.14469445901e-06
6.19767175906e-07
4.78579388009e-06
3.95392943927e-07
7.85354631916e-09
4.26918443626e-06
1.23635454888e-06
2.90383806992e-07
7.07651510542e-07
4.50957608879e-06
5.12507866334e-06
4.53785710136e-06
4.87584578467e-06
4.14025128023e-06
4.26007761464e-06
4.77615969894e-06
4.51477498565e-06
4.76157098973e-06
4.37636150619e-06
5.40440205119e-06
4.50762719046e-06
4.61876346923e-06
1.76657924949e-06
3.55523103351e-06
5.31207285788e-08
5.87161391154e-07
3.16470970674e-06
5.14150557822e-06
1.20051269351e-06
3.60735755099e-06
4.41402822195e-06
2.75336365573e-06
2.38806283072e-08
4.67082144168e-06
4.11988873349e-06
4.39386370683e-09
3.78320236064e-06
4.59258000153e-06
3.91430406795e-06
2.57990246915e-06
4.77082755362e-06
4.78076557749e-06
6.98447825599e-07
2.70883231117e-06
4.95605437654e-06
4.55871613571e-06
4.69983487352e-06
3.34179540956e-06
4.5155940898e-06
2.81330108755e-06
6.46160660071e-08
4.37113046908e-06
4.99349200371e-06
4.89853311292e-06
9.78298265316e-07
4.31950782148e-06
9.64398676868e-06
4.57342954979e-06
1.32573940583e-06
4.03999332774e-06
3.98292038123e-07
7.51244094267e-12
2.68270201983e-06
1.02858597046e-07
