0.000118866723228
8.18622550307e-05
0.000145187651017
0.000118530213416
9.33990101448e-05
0.000145189391347
0.000171681931877
9.37776912434e-05
0.000127608999902
0.000137893541557
5.8307275106e-05
0.000130857995897
1.90170373997e-05
0.000118067073364
0.000105401483655
8.70304463836e-05
0.000214978961397
9.58423308026e-05
9.49799583799e-05
0.000105205415379
0.000118589756745
5.72792273216e-05
6.77616482154e-05
0.000117081736649
0.000103067690744
0.000206197680985
0.000122844532715
0.000152467600695
0.000223382034463
7.64090109451e-05
6.21412391802e-05
8.92959037991e-05
8.99303852816e-05
5.69176698225e-05
7.23651877821e-05
9.36181477106e-05
0.000138872480658
0.000141956439684
0.000124820817518
0.000131962638974
7.18938836883e-05
9.4560642476e-05
7.85340167251e-05
0.000179101912736
4.02144505875e-05
0.000140433519407
0.000203870596317
4.79588529452e-05
6.7635461856e-05
5.74350483776e-05
0.000110081301837
8.8073658789e-05
9.6252981118e-05
4.61408611921e-05
8.50790334214e-05
0.000121636816283
0.000120703328901
6.90535791051e-05
0.000187230272996
9.19157582976e-05
5.79477965338e-05
0.00011946804455
6.06680435244e-05
0.000104926990926
6.42084462047e-05
0.000139840540281
0.00011256822441
2.76643007932e-05
0.000145946435792
6.55402813451e-05
7.42838408962e-05
0.000158961348599
7.42602607967e-05
9.27022292675e-05
8.77412512884e-05
0.000103717361631
6.64644169674e-05
9.02836284803e-05
0.000148632661318
9.47539420721e-05
0.000147662987794
4.40746820805e-05
0.000222989664999
5.82416672049e-05
0.000119253039607
0.00022953028866
9.56171802538e-05
8.71530018828e-05
7.60531288378e-05
0.000143622738617
9.47377578164e-05
7.67195387152e-05
0.000127397524369
0.000131535055302
0.000153768999204
4.0880663579e-05
0.000128166258899
0.000104084923397
5.71606575434e-05
8.91408543318e-05
