8.01589248177e-07
8.98438773656e-07
8.52225566429e-07
8.20235177739e-07
1.21132086811e-07
7.50431748683e-07
8.24882232626e-07
7.39419939507e-07
6.69888809546e-07
8.66978731792e-07
7.8930781407e-07
8.17526847124e-07
7.29950136852e-07
8.16459251152e-07
7.43828014677e-07
7.47265739889e-07
8.45120234215e-07
8.07144227793e-07
8.84451648033e-07
8.38898293195e-07
7.92577173144e-07
8.87570174747e-07
8.1323868321e-07
8.83972982915e-07
8.54719353966e-07
7.8063521226e-07
8.36991044904e-07
8.63234109336e-07
8.53132938267e-07
7.86076804213e-07
8.28423115393e-07
7.84006892556e-07
8.01686196567e-07
9.00270641667e-07
9.16688508328e-07
8.37027936314e-07
8.47362491347e-07
7.8496376553e-07
7.24644401395e-07
8.3745610804e-07
8.92075212641e-07
7.59285887995e-07
7.76737219043e-07
9.00422818689e-07
8.22197518447e-07
8.16241889664e-07
8.58807096084e-07
8.3909110828e-07
8.294198483e-07
7.77065697335e-07
7.69572333249e-07
7.87668170871e-07
8.30474949113e-07
9.29724639503e-07
7.99694196182e-07
7.39330702147e-07
7.78557496446e-07
9.18800012001e-07
8.72001735357e-07
8.07520284629e-07
8.47609080338e-07
8.8982357114e-07
7.6114724276e-07
7.81962350008e-07
5.18991220319e-07
8.53483017124e-07
8.43703280842e-07
6.79133538401e-07
8.68090214817e-07
7.8642281113e-07
6.91180925763e-07
8.64374052497e-07
8.73840450811e-07
8.4606828242e-07
8.74008839272e-07
8.09373462465e-07
8.06456706565e-07
9.06604472366e-07
8.03781415541e-07
8.70306413102e-07
8.1721037404e-07
8.1072614289e-07
7.72726623169e-07
8.50824762817e-07
8.85133228689e-07
8.29141977812e-07
8.27336289414e-07
8.34808471479e-07
8.18499593381e-07
7.15632569832e-07
7.85236030279e-07
8.35511338317e-07
4.98156132347e-07
8.32234750324e-07
8.19626704535e-07
8.12802587996e-07
7.98254308103e-07
7.86392695719e-07
8.5789498461e-07
8.56820513254e-07
