8.25744774854e-06
8.9373731087e-06
9.9017765675e-06
8.68121535304e-06
8.46003527913e-06
8.41919977314e-06
9.0308102946e-06
8.96698384168e-06
8.64510107962e-06
9.07751561712e-06
9.11950027474e-06
5.77276108796e-06
1.12115546036e-05
9.55001393383e-06
8.52822165435e-06
9.11213983124e-06
9.468441578e-06
8.58121608763e-06
9.89202904182e-06
8.02146776731e-06
9.11145350619e-06
8.87129769687e-06
8.51481682355e-06
8.93109177522e-06
8.3072024769e-06
8.74230492106e-06
8.97138962588e-06
9.14708451476e-06
9.05601310369e-06
8.98364330878e-06
9.99427010264e-06
9.30064941071e-06
9.04007691564e-06
9.14808165601e-06
7.86370728356e-06
8.86117654958e-06
8.84641464054e-06
9.08479911792e-06
8.27809185395e-06
9.6486652609e-06
9.13044572608e-06
7.94141256959e-06
8.85263336227e-06
1.00684635223e-05
8.42472144013e-06
1.0060030803e-05
9.21349626741e-06
7.86980654472e-06
9.35716047281e-06
7.79875583103e-06
9.11933237182e-06
8.79104003812e-06
8.82251297481e-06
8.72789563068e-06
6.63068466182e-06
9.0506937932e-06
9.64976689485e-06
9.76242982348e-06
9.51549729017e-06
9.36881422065e-06
8.95845661835e-06
9.68972458774e-06
3.82389617149e-06
8.67732767886e-06
9.2012040834e-06
8.74751131509e-06
8.84928765143e-06
9.71338451606e-06
9.50895261618e-06
8.4368817367e-06
8.67669849592e-06
9.06719943882e-06
8.89800595738e-06
9.31522689171e-06
6.10378670965e-06
9.28541394547e-06
8.9208779533e-06
9.48827307723e-06
9.33449428546e-06
9.23013842026e-06
8.96243592031e-06
8.9921621613e-06
7.45797371631e-06
9.36566280853e-06
8.15370658057e-06
9.76127084757e-06
9.08647107442e-06
8.94116791886e-06
9.75895788414e-06
9.92355313065e-06
2.37378378224e-05
7.96309207e-06
8.74644870764e-06
9.29999543675e-06
9.86308293889e-06
8.75797739931e-06
9.07799250101e-06
8.24827224756e-06
8.79733810829e-06
3.26990621909e-05
