7.96788349099e-07
9.24811394656e-07
9.59845169505e-07
9.325141427e-07
9.51094174586e-07
9.16369443149e-07
8.56519661803e-07
9.44384859143e-07
8.55251528885e-07
8.85650294473e-07
9.64248369052e-07
4.45603168167e-07
9.59660038568e-07
8.35946396945e-07
8.3108079298e-07
8.38222213278e-07
8.46438730538e-07
8.57573843872e-07
9.30946969909e-07
9.13666099866e-07
9.41913076542e-07
9.53957984432e-07
8.11869737128e-07
9.10777296232e-07
8.85081803584e-07
9.17514930821e-07
9.13728971675e-07
9.46903745474e-07
9.36079277304e-07
9.11277576387e-07
9.00952048354e-07
9.3329984416e-07
9.26419774739e-07
4.25852067549e-07
9.72983058768e-07
9.27857738072e-07
9.65551446606e-07
8.74327246252e-07
9.72168587063e-07
8.65346888539e-07
8.59255760386e-07
8.44213517104e-07
9.90957440909e-07
8.74925710765e-07
9.09752312274e-07
8.75309914865e-07
8.37525400262e-07
1.04479829136e-06
8.19504012523e-07
7.99560574386e-07
8.81993659642e-07
9.37604413465e-07
9.46243585531e-07
9.26298952215e-07
6.21053336457e-07
9.89495610659e-07
1.00190559204e-06
9.29561882109e-07
8.54330085549e-07
9.64613376833e-07
9.85786504158e-07
8.54084092932e-07
5.07167716926e-07
9.85461179786e-07
7.38654029249e-07
9.17267310583e-07
8.61420197991e-07
7.80574574516e-07
9.60222906666e-07
1.01787868311e-06
9.47823030146e-07
8.37107750312e-07
8.40865881386e-07
1.44932022225e-05
6.94181821601e-07
9.75167295645e-07
8.29531448966e-07
8.82656446759e-07
9.67062317623e-07
8.94590062878e-07
8.12795468185e-07
9.5419677171e-07
8.84579488252e-07
9.0977287654e-07
9.24106923715e-07
8.28961344622e-07
9.98517368754e-07
8.89369014753e-07
8.91895299493e-07
8.97013319795e-07
9.71719043651e-07
9.61531987464e-07
8.79353596094e-07
9.62110109451e-07
9.27143513754e-07
9.10014164996e-07
9.2063414991e-07
9.4892776345e-07
9.96325104754e-07
8.31832552941e-07
