6.08481164215e-13
4.18070215219e-05
2.46410120751e-05
6.72250730768e-06
5.59428113905e-05
7.43941614794e-05
4.92314604382e-07
4.1838273804e-07
0.000110799314856
4.59281022913e-05
3.22351677063e-05
9.27402884172e-10
3.68845316925e-05
9.31024751986e-15
7.14532080753e-06
2.8128182996e-05
8.72703662381e-06
6.5939945597e-05
4.25608146453e-05
3.77891346959e-05
3.63767968163e-05
5.35272825934e-09
3.29538359326e-06
4.37146700728e-05
4.80746459557e-05
8.96543309752e-07
2.41284487142e-05
2.14237783133e-05
4.85104364625e-05
2.56922687324e-05
4.81336421141e-06
4.53836601281e-05
2.80574415038e-09
5.47816494429e-06
8.62892703238e-10
1.3523396516e-06
1.26901974589e-06
2.99922394339e-08
4.37961536239e-05
7.08821953561e-06
4.43603289584e-05
4.76071461769e-05
3.55965956893e-06
2.44158111119e-05
3.54052807386e-05
3.24378080277e-05
2.75058883532e-05
4.68300493484e-05
3.18019548802e-05
2.38918755509e-07
8.73692473155e-07
1.94605257945e-05
2.29445676717e-10
6.21829188723e-06
5.22442982321e-05
4.73727180345e-05
5.04176332593e-05
9.98094223798e-06
8.58860605227e-09
3.62656223635e-11
4.49779798268e-05
1.02659277669e-09
3.25296055107e-10
1.45545826975e-08
3.05254364636e-05
4.76959457172e-05
4.14094425955e-06
2.42272014767e-05
1.54956143349e-05
7.24225798929e-07
7.09947597061e-08
7.71259747131e-08
4.41568478719e-05
4.75736803633e-05
3.59405669304e-05
3.69103498786e-05
4.47357887357e-05
2.97417104119e-05
1.81323050109e-05
2.2731685324e-05
1.92755665356e-05
5.27019002376e-05
2.59801813174e-05
4.38799619617e-05
4.19902999798e-05
5.93535874968e-07
2.82069657863e-05
1.10890293411e-05
4.8030860294e-05
4.01171934847e-05
4.80960307923e-05
3.19647749018e-05
5.79892375155e-06
1.39157157996e-06
3.58531010188e-06
2.56022866872e-06
4.52105767814e-05
2.47738666516e-07
4.54477254869e-05
1.45452951153e-11
