9.02251182696e-09
8.81945872003e-09
9.11930845548e-09
2.99961353696e-08
8.371636464e-09
9.64364120304e-09
7.54417257964e-09
9.63368171253e-09
8.26767387751e-09
8.72983978754e-09
9.25660454968e-09
4.23429602397e-09
9.07503320748e-09
9.68947301372e-09
9.74499368614e-09
9.48227697136e-09
9.90472417024e-09
1.09983029556e-07
9.86215217921e-09
9.88980605741e-09
8.98175076347e-09
9.13383070668e-09
7.841241922e-09
8.3483793316e-09
8.79961870158e-09
8.42248418054e-09
5.03572931819e-08
9.33758449479e-09
9.62069271715e-09
9.31175873436e-09
8.89650435017e-09
7.65718391371e-09
9.76380677606e-09
4.19785405361e-09
8.26799350712e-09
6.07841003839e-09
8.29057571704e-09
8.71009143736e-09
8.28618971808e-09
9.71888460485e-09
8.99870067434e-09
8.97729167876e-09
9.29436023824e-09
8.41141396701e-09
9.2534765948e-09
9.66115833715e-09
1.02925145089e-08
9.41456726095e-09
1.04119222182e-08
1.0160854332e-08
8.29185220537e-09
9.24286512146e-09
9.47310395763e-09
8.64612864912e-09
4.82960433817e-09
8.75772803218e-09
8.79986043795e-09
8.41988522998e-09
8.65526118761e-09
9.70933462876e-09
9.15158554414e-09
8.55823937951e-09
8.79768874718e-09
9.78226249367e-09
9.49334946389e-09
9.22169196707e-09
9.83650115649e-09
8.93228767765e-09
1.05515489652e-08
9.72492825875e-09
8.14591303876e-09
9.10488940813e-09
8.37004166242e-09
8.55895048029e-09
7.5120082467e-09
9.46308459169e-09
9.78282429674e-09
9.48865463936e-09
8.57008943154e-09
1.02194945791e-08
7.94310098562e-09
9.88886197819e-09
8.4013187076e-09
8.67147590263e-09
8.377485708e-09
8.79178326835e-09
8.7745829923e-09
1.03590512821e-08
9.05571350316e-09
9.86969001456e-09
8.7703928099e-09
9.49047826227e-09
8.28294521795e-09
1.09075465007e-08
8.49065720888e-09
8.09928865639e-09
9.29691641065e-09
9.11528691307e-09
1.08230933102e-08
7.73504253664e-09
