2.1285382191e-07
3.1967557096e-07
1.99571514411e-07
2.49898038384e-07
1.97001533196e-07
2.64901021587e-07
2.85082308053e-07
3.30118074149e-07
3.14813563257e-07
3.00982994401e-07
3.36400438955e-07
2.89676878042e-07
2.99034493731e-07
3.003747617e-07
1.92176971408e-07
2.13263811189e-07
2.26711846003e-07
2.39969542779e-07
2.98049551323e-07
2.01767970562e-07
3.01028483369e-07
3.10061680066e-07
2.72104322315e-07
2.58386231254e-07
3.33060742597e-07
2.57396066638e-07
2.93653906381e-07
3.3934714452e-07
2.90158104275e-07
2.80963468556e-07
1.98185121275e-07
2.45010669048e-07
1.55739797103e-07
2.08493319005e-07
2.64882696894e-07
2.23580650124e-07
1.87461000341e-07
2.43888705133e-07
1.7511984857e-07
2.49516709023e-07
2.3730227516e-07
2.28963204374e-07
2.17261639515e-07
3.14321058291e-07
3.11711379179e-07
2.26279441604e-07
2.66582758289e-07
2.15275036237e-07
2.56265058046e-07
2.25285741632e-07
2.14684346213e-07
2.95945542754e-07
2.22047351682e-07
2.47121659892e-07
2.69738102194e-07
2.75854241844e-07
2.07432433803e-07
2.49181535286e-07
3.50453350539e-07
2.31673950389e-07
3.23842653354e-07
3.03256519719e-07
3.5354387161e-07
3.34627428145e-07
2.78746954148e-07
2.61307213902e-07
2.69164372667e-07
2.86090891109e-07
2.54849876694e-07
2.56421969333e-07
2.26569292407e-07
2.71577669131e-07
1.69970310086e-07
2.16686405745e-07
2.35570972234e-07
2.04880475136e-07
2.4669897118e-07
2.45994917733e-07
2.10405955886e-07
2.05540371569e-07
2.79159111652e-07
3.00182107463e-07
2.3298757718e-07
2.73134171937e-07
3.03610318858e-07
1.70787599439e-07
2.04060592366e-07
1.93144307291e-07
2.34995945755e-07
2.44116499701e-07
2.75430200109e-07
2.42860429979e-07
1.7653343652e-07
2.93444586729e-07
2.5199321686e-07
1.78382817377e-07
2.59003556935e-07
2.54894317303e-07
1.76062106203e-07
3.17976401747e-07
