4.94387677245e-05
4.67640690735e-05
2.39114194663e-15
4.8892863214e-05
2.93734436936e-06
3.69692443049e-08
5.29560695707e-05
1.9083700395e-05
4.01435275625e-05
3.55974676564e-05
4.50675918266e-05
4.89887519477e-05
4.47315030811e-05
5.12991338666e-05
4.93309545492e-06
5.23806060342e-08
5.01166728601e-05
2.01389518363e-06
4.97282585688e-05
3.62467543965e-05
3.31079995191e-10
2.85748527012e-07
4.52686625938e-05
3.01014649869e-05
4.45338257496e-05
1.32240673646e-05
4.38894319099e-05
1.11796857729e-05
4.76547591776e-05
1.81939401017e-09
3.78541416378e-05
3.89371919114e-05
2.86107099847e-05
2.81363209453e-06
1.19277139129e-05
3.04373312824e-05
2.06418203322e-05
4.10125713698e-06
4.63192050462e-05
6.5131277284e-06
2.95922239622e-05
3.0259847782e-05
2.70519055777e-05
1.80029747981e-05
4.01154312837e-05
4.09908679559e-05
1.13828961775e-06
3.2464977516e-05
4.97648375508e-06
4.57335280891e-05
1.65655360471e-07
4.61641378729e-05
2.55283050139e-05
4.07918564437e-05
2.48965664657e-05
4.97204048114e-05
1.75315834501e-05
1.58478297347e-09
1.40756581492e-08
4.04653706104e-05
3.39335693943e-05
3.49252078718e-05
4.44336024174e-05
3.71479139304e-05
4.72855817564e-05
6.00606498501e-07
2.21578386914e-05
4.9321292513e-05
5.04728417618e-06
7.2378029842e-06
6.36084849597e-07
5.05292336448e-05
5.29666132447e-07
4.66322868237e-05
4.77731290617e-06
4.60121010123e-05
2.88999882807e-05
4.9241352831e-05
4.79703105581e-15
3.73102615413e-05
4.77874215451e-05
5.02922933128e-05
4.04750080952e-05
4.74850737479e-05
6.6878479607e-11
4.8020912411e-05
4.56235903991e-05
4.08417134102e-05
1.26785403775e-11
4.75733121871e-05
4.66357267708e-05
4.68972069922e-05
7.57287203909e-07
1.83359422578e-05
2.04517220172e-05
4.01628990872e-05
1.42340710109e-05
4.41044264418e-05
4.46832183354e-05
7.42185106793e-11
