0.000448113884263
0.000388942634956
0.000444712734175
0.000355815781308
0.000402790288117
0.000420352034512
0.000444393154723
0.000357546770121
0.000478044870016
0.000557786889757
0.000362819755574
0.000351123345452
0.00037818227792
0.000427476226028
0.000378317445816
0.000320086068072
0.000413824504654
0.000327027940744
0.000462658863466
0.000531790725203
0.00044372319034
0.000458027000324
0.000376061571976
0.000396562563275
0.000365976099096
0.00037819592531
0.000544695358223
0.000469418146386
0.000475894205813
0.000482104711091
0.000464182830241
0.000341722587386
0.000411409346825
0.000412245623931
0.000403280981204
0.000433017116041
0.000401977939795
0.000437313335196
0.00035537820444
0.000444396239553
0.000424243444896
0.000499926440524
0.000473967293929
0.000333185792173
0.000400368486077
0.000350804782314
0.000453006435417
0.000342322150116
0.000466502243503
0.000507583879021
0.000497581255853
0.000419230900573
0.00044953266952
0.000433680654036
0.000469740984263
0.00040511948662
0.000475008741009
0.000390029040928
0.000374645632318
0.000438905036087
0.000444168462976
0.00044442691529
0.000354945557203
0.000485661730907
0.000406823751945
0.000327005976811
0.00037397733322
0.000456666703655
0.000544665479054
0.000362448048971
0.000441498218758
0.000321753074185
0.000570952513243
0.000438053870598
0.0004608162273
0.000435579757041
0.000449152655598
0.000497625221821
0.000505943624673
0.000343735079834
0.0003789013381
0.000548826911629
0.000444920468037
0.000395872623202
0.000365820903583
0.000428807506252
0.000507914611044
0.000466616620426
0.000373576614709
0.000406451373151
0.000449017641348
0.000409241002444
0.000358916199098
0.000307868252401
0.000491421604359
0.000445270170191
0.000512803621002
0.000412576748727
0.000321133718306
0.000510482897355
