7.72479681779e-09
8.11636884588e-09
7.92463101155e-09
8.012284111e-09
7.24656612126e-09
6.69820151872e-09
7.91060971922e-09
8.14183955743e-09
8.27665804118e-09
7.67356314388e-09
8.05399445611e-09
6.94984380908e-09
7.79528713953e-09
8.12974397234e-09
7.57122243795e-09
7.88394291464e-09
8.03279007545e-09
8.07213485191e-09
7.34862318197e-09
7.1827567343e-09
8.58927122161e-09
8.61309913426e-09
7.71828574902e-09
7.12247664195e-09
7.72913733398e-09
8.0581437797e-09
8.10137125841e-09
6.93524358767e-09
8.07883342969e-09
8.10448106018e-09
8.68842697173e-09
7.71370413823e-09
8.11500156725e-09
8.31239407691e-09
7.25493355342e-09
6.90618967707e-09
8.03379386052e-09
8.48990500172e-09
7.38929643683e-09
8.26797699502e-09
7.89407977442e-09
7.53905828302e-09
8.19377936889e-09
7.47023844435e-09
8.13466793888e-09
8.50157115213e-09
6.96464623022e-09
7.92084334243e-09
7.82213300613e-09
8.8268225887e-09
7.71250602054e-09
8.17144223338e-09
7.32120392616e-09
8.04903922779e-09
7.16810255117e-09
7.98865065475e-09
8.60987089851e-09
7.02983941274e-09
7.08120386008e-09
7.93895138883e-09
7.45832303322e-09
7.94440549611e-09
8.24326499962e-09
7.17844236828e-09
8.36304235623e-09
8.52357660386e-09
7.33010982405e-09
7.8440312738e-09
7.77651462562e-09
7.42686923682e-09
8.06907203809e-09
7.96541235452e-09
7.32644741887e-09
8.16217581536e-09
7.58188652883e-09
7.897463001e-09
8.64048529545e-09
7.63940229061e-09
7.23912726391e-09
7.97210812107e-09
7.32064390783e-09
8.6519964345e-09
8.00065697058e-09
9.17710614721e-09
7.89525876357e-09
6.66070112813e-09
7.64880707243e-09
7.83261071259e-09
7.39524878567e-09
6.61081659291e-09
7.58806306808e-09
8.42818089237e-09
7.81816373709e-09
8.59516476462e-09
8.15161353471e-09
7.55654590282e-09
7.43884816078e-09
7.48091633508e-09
8.09612491182e-09
8.40049341662e-09
