8.91728079207e-08
9.02188369421e-08
8.68154359148e-08
8.51323473898e-08
9.19926558182e-08
9.80255634965e-08
9.36173210008e-08
9.47321913894e-08
8.41685478019e-08
9.31582795965e-08
8.84401749455e-08
4.60639763294e-08
8.69702877754e-08
9.36094552632e-08
9.53824464836e-08
8.90575347828e-08
8.539597597e-08
9.66761823422e-08
9.16610553624e-08
1.00957758295e-07
8.50250289426e-08
7.98090780454e-08
8.46267448918e-08
9.15985410335e-08
9.02316774151e-08
9.30971919042e-08
9.26259922306e-08
6.69793943355e-07
8.71426636949e-08
8.14863747759e-08
8.20855618865e-08
9.42003483381e-08
1.05744729412e-07
6.73745135201e-08
9.36813995505e-08
9.3668940759e-08
9.37864537267e-08
8.95075815104e-08
1.01619367709e-07
9.16469392493e-08
9.06552769052e-08
8.91973523305e-08
9.14726569595e-08
6.19216901395e-07
8.57743861539e-08
8.05432351102e-08
8.88565086946e-08
8.66248522951e-08
8.93567475785e-08
8.6444745329e-08
8.54331683492e-08
9.63169345132e-08
9.29241821422e-08
9.51943115512e-08
5.27927934059e-08
8.63131734904e-08
7.94698751328e-08
9.42339241922e-08
8.38609082201e-08
9.09627944375e-08
9.46510721311e-08
9.3384776776e-08
3.862183446e-08
8.69866593827e-08
9.72725677713e-08
8.09980644621e-08
9.70531612353e-08
9.61289679512e-08
9.23050064178e-08
8.81437763762e-08
8.04985836899e-08
9.59248603803e-08
9.03107448086e-08
8.94834099329e-08
9.1064668344e-08
7.80073990489e-08
8.94591400992e-08
1.30413389507e-06
9.1247951942e-08
8.42142770729e-08
8.72703173202e-08
9.13274668188e-08
9.41649093762e-08
8.74198153796e-08
8.92641367111e-08
8.40448065882e-08
8.88597325531e-08
8.85536740428e-08
8.44476082817e-08
9.10435094293e-08
9.27787127261e-08
9.26858460734e-08
8.17864972623e-08
9.70548891567e-08
9.08327923267e-08
9.22925462426e-08
8.37601195472e-08
9.53161562029e-08
9.5914890806e-08
9.87175638478e-08
