2.57259608844e-06
2.36676721837e-06
3.00545350345e-06
3.12160357529e-06
2.61614631677e-06
2.23090529767e-06
1.95631468483e-06
2.47445931057e-06
2.00996020721e-06
1.77686086749e-06
2.04478680977e-06
2.43416456982e-06
3.2192569554e-06
2.88786930445e-06
2.81751249644e-06
2.89130686995e-06
1.64044653564e-06
3.24041565297e-06
2.58568104266e-06
3.21282915562e-06
2.53909195581e-06
2.67626358621e-06
2.85667512636e-06
3.68311196722e-06
2.45621600558e-06
1.46283567573e-06
2.44913012351e-06
2.14746959068e-06
2.57677657991e-06
2.27312598304e-06
2.05382817545e-06
3.11739377613e-06
2.36980848893e-06
2.97917229361e-06
3.07675345174e-06
1.44926546602e-06
1.74269001474e-06
2.25490207348e-06
2.19231183118e-06
2.70241444106e-06
2.95708401226e-06
2.80489529962e-06
3.12715542885e-06
2.77421054618e-06
3.0395193274e-06
1.7854190098e-06
2.96880555533e-06
2.92266741703e-06
2.3226071727e-06
1.90491368029e-06
3.13666622125e-06
2.55298697054e-06
2.90973304932e-06
2.65101835567e-06
1.85300575739e-06
2.33382793908e-06
2.34166395022e-06
2.9463459329e-06
2.10276967305e-06
2.1614960557e-06
2.68434985239e-06
2.20823732563e-06
2.92506557169e-06
1.82819222272e-06
2.37063495853e-06
3.13829150503e-06
3.17783945935e-06
2.67251544462e-06
2.59757589897e-06
3.57968006313e-06
1.87734150626e-06
2.71314675654e-06
2.38450579221e-06
2.33967950633e-06
2.87405666377e-06
2.15493265484e-06
3.13532641471e-06
2.21842927795e-06
2.71170493995e-06
2.36045235534e-06
2.48798551129e-06
2.62872612095e-06
3.09472050682e-06
2.88148582371e-06
2.83331564877e-06
2.55330940717e-06
2.83454076471e-06
2.33620254571e-06
2.28967606339e-06
2.26734261081e-06
2.65741164142e-06
2.03850884833e-06
2.43191672485e-06
1.92031733846e-06
3.05993132398e-06
2.80344295768e-06
3.28770402797e-06
2.83001474891e-06
2.90295884638e-06
2.47124452497e-06
