0.0023084859579
0.00209801379429
0.00180210031381
0.00164420817502
0.00188404848227
0.00194813526442
0.00282664278196
0.00116350704966
0.00266107577827
0.00153335675249
0.00132469131801
0.00175259423967
0.00218155941676
0.00213541209885
0.00217298414107
0.00158228653827
0.00197346513057
0.00226271239594
0.00163238302478
0.00133000328385
0.00163967324473
0.00144164333672
0.00122045396157
0.00241505718927
0.00188015481706
0.00236201368028
0.00178403504228
0.00170327220901
0.000898627492741
0.00254425473381
0.00165236347323
0.00135987006067
0.00231147900425
0.00266218083748
0.00188813477372
0.00280265394905
0.00144866367632
0.00249174434535
0.00121438231696
0.00145952524283
0.00122434071633
0.00306986006322
0.00142992964876
0.00125624570386
0.0018662319874
0.00165884963236
0.00179295219637
0.00142092140805
0.0021748965753
0.00108458701251
0.00182383870449
0.00121275482396
0.00199345438564
0.00116381357333
0.00205369748409
0.0025891612758
0.00194156767678
0.00183949236978
0.00163755439856
0.00184251717173
0.00110010791042
0.00150428875231
0.00201663364677
0.0015175138678
0.00274820540807
0.00231594567735
0.0022816254886
0.00139295912833
0.00115514472075
0.00121666943644
0.00125227101181
0.00137209503241
0.00212023295414
0.00118773252582
0.00172857511785
0.00215651225643
0.00154255286163
0.00252537131417
0.00200186500771
0.00159936258739
0.00217294473901
0.00182226683978
0.00186546009876
0.00226603299667
0.00173520173146
0.00185880432443
0.00183495328072
0.00171378352464
0.000969194348173
0.00191941604031
0.002242829868
0.00164078891495
0.00184789191468
0.00199935631689
0.00121475310916
0.001645563059
0.00225770746808
0.00157756750523
0.00208910326963
0.00246113653647
