8.74686239561e-05
7.91530243982e-05
8.80769878133e-05
8.80468937025e-05
7.31521276126e-05
9.33245886127e-05
7.32678502051e-05
8.70746252621e-05
8.43578056225e-05
8.78285772442e-05
9.58394067041e-05
4.98818011034e-05
9.04919750891e-05
8.87370219996e-05
9.14425560738e-05
8.9063408804e-05
9.53635181094e-05
9.144676509e-05
8.88235687303e-05
8.94504454931e-05
9.60339468132e-05
9.50927277459e-05
9.33385136759e-05
9.08852315658e-05
8.43936895204e-05
8.69168029901e-05
8.02686338589e-05
9.63832261862e-05
0.000718393281763
9.30257544714e-05
8.70344192538e-05
8.570355444e-05
8.60694033281e-05
3.53015635413e-05
9.60011982888e-05
8.1428627821e-05
9.21711830422e-05
8.84720552782e-05
9.23682338414e-05
7.85237810102e-05
9.32378734502e-05
9.60375301989e-05
8.59318336829e-05
8.76585600374e-05
8.5640680055e-05
7.16604345839e-05
9.01240570858e-05
8.31277760137e-05
8.74035909941e-05
9.15233465836e-05
9.61810826616e-05
8.4782137015e-05
0.000100312057969
8.99781546067e-05
8.71160346989e-05
8.55700564752e-05
9.25443423809e-05
8.79566069708e-05
9.16453827944e-05
8.64874110957e-05
8.32431278003e-05
9.49808243724e-05
3.65086264522e-05
8.88211648634e-05
8.86947632614e-05
8.91702325314e-05
8.39987142427e-05
9.60279810049e-05
9.68136383545e-05
9.20993700668e-05
9.22449176477e-05
9.23969571528e-05
8.19954222362e-05
9.49465437379e-05
8.67948907183e-05
7.7242471057e-05
0.00215999931149
7.96888887536e-05
8.77669797748e-05
9.48065488403e-05
9.76079111219e-05
7.97265669612e-05
9.12181996222e-05
9.03408000946e-05
9.68065156726e-05
9.09484504653e-05
8.52383229598e-05
7.43539997006e-05
8.98348973948e-05
9.9148713157e-05
7.91465487715e-05
8.7017672023e-05
8.97828392702e-05
9.66282795537e-05
8.45815068426e-05
8.99271209352e-05
9.04316322362e-05
0.000101170022164
9.7126996415e-05
8.7042177298e-05
