7.26401130113e-09
7.74775437538e-09
8.08157587125e-09
8.62893080812e-09
7.22509611196e-09
8.13842507285e-09
5.72317657188e-09
8.70948620154e-09
8.66691523461e-09
8.05009067186e-09
7.43944649083e-09
7.43084038866e-09
8.50358595098e-09
7.72382992042e-09
8.02023904177e-09
7.16196815127e-09
7.84643918116e-09
7.83684457668e-09
7.55570978909e-09
7.50207843723e-09
7.53222536945e-09
8.29068853196e-09
7.75622884221e-09
8.19736224136e-09
8.41613592289e-09
8.11241692e-09
7.40805868437e-09
7.79212881343e-09
7.32450486351e-09
8.53388673255e-09
7.48197754874e-09
7.58298565797e-09
7.9407989598e-09
8.66427125958e-09
7.94134479233e-09
7.76845921545e-09
7.78034014452e-09
9.01596126578e-09
8.44780162819e-09
7.71154088539e-09
8.46904082251e-09
8.2020098878e-09
8.00233119588e-09
8.03859422377e-09
8.46818566605e-09
7.97949487041e-09
6.71100277727e-09
7.86565385742e-09
7.93460055624e-09
8.36950183961e-09
8.44459885931e-09
7.7447509456e-09
7.97577103066e-09
8.93505703449e-09
6.28629251997e-09
8.07371599429e-09
7.71891907876e-09
7.47135294965e-09
7.39119674061e-09
7.64876791633e-09
8.50387855236e-09
8.25162591497e-09
8.65413896759e-09
8.14712660791e-09
7.61580387413e-09
8.98554217283e-09
8.04918128948e-09
7.35181048808e-09
7.89493863101e-09
8.23544443733e-09
7.78646001834e-09
7.87655186241e-09
8.03680850595e-09
8.07845126539e-09
8.33598707569e-09
7.75398561066e-09
7.97610359964e-09
7.97569725661e-09
7.81658747987e-09
7.90570222236e-09
7.14627130566e-09
8.20704165185e-09
8.17267899796e-09
7.93484632093e-09
7.69008085897e-09
8.00760892434e-09
7.89470510559e-09
7.86141303792e-09
9.12147582259e-09
8.06304618943e-09
7.95946318466e-09
8.53438503443e-09
8.1271546745e-09
8.35903480189e-09
7.42209454452e-09
8.09620810527e-09
8.16038532302e-09
8.10853623095e-09
7.93793990727e-09
7.79951947702e-09
