0.000100024780904
7.85629762186e-05
7.82457757077e-05
8.12617016285e-05
8.18613446914e-05
8.59553033661e-05
8.82076711372e-05
6.99544801323e-05
7.4374941819e-05
9.81946088215e-05
3.7832991093e-05
9.97229310747e-05
8.1325745334e-05
0.000105753167734
8.17184185993e-05
8.44318244561e-05
7.834442735e-05
8.2796620078e-05
0.000116365871264
4.33526865075e-05
9.37204607961e-05
2.17745186685e-05
5.42078745556e-05
8.12790628372e-05
6.8932068954e-05
0.000128754051421
9.63403712133e-05
6.88041321934e-05
0.000103453471289
5.80053644914e-05
4.46562490861e-05
7.88454182815e-05
7.95056199447e-05
8.70904183529e-05
7.57532962177e-05
5.6371154572e-05
6.05739004174e-05
0.000102552662581
4.8579457688e-05
0.000121364920054
3.52947900662e-05
0.000112813725179
5.79920756171e-05
8.25088305159e-05
7.35642379337e-05
7.054039859e-05
6.95755448033e-05
8.6703462929e-05
3.95333211195e-05
3.54558429172e-05
7.52721538774e-05
9.51827194641e-05
6.76198076244e-05
7.60973496924e-05
7.59245883173e-05
0.000105797299054
6.79292793481e-05
4.68537940566e-05
7.95171485966e-05
7.85573668673e-05
4.07468917883e-05
6.89408208562e-05
4.10490092675e-05
6.13849013091e-05
8.66441816756e-05
9.78458387037e-05
7.66218138807e-05
4.90064843968e-05
6.11191384055e-05
2.33963937899e-05
7.89023136516e-05
7.68414500305e-05
7.05238188855e-05
8.28090645961e-05
5.14332643672e-05
3.91407596472e-05
3.027419267e-05
4.27108154499e-05
7.7564473067e-05
9.21224442419e-05
7.62108676293e-05
4.81632365836e-05
0.000114459252001
5.89084357634e-05
9.16317266085e-05
0.000102145748769
3.05840821922e-05
8.8171097782e-05
3.69020895117e-05
9.23145677444e-05
8.39243343042e-05
9.91996468958e-05
9.04544610942e-05
7.88260777034e-05
8.62901570313e-05
9.94778050321e-05
0.000122448043616
9.01384303084e-05
6.02066051873e-05
3.45741576286e-05
