1.05296438358e-06
1.11107427312e-06
1.10566240033e-06
1.09060087999e-05
9.39778891704e-06
9.26898604328e-07
1.71589855073e-06
1.04359395867e-06
1.06052705307e-06
1.06183120334e-06
1.62022967757e-06
1.01902080844e-06
1.03569104899e-06
4.51047125531e-06
1.06271398598e-06
1.19534010598e-06
4.85728345932e-05
1.21116803724e-06
4.16988407743e-05
2.16083988919e-05
9.27284389738e-07
9.06837948258e-07
1.49765648851e-05
1.01129859769e-06
1.00488963999e-06
2.09395656376e-05
1.0937651466e-06
3.62738842348e-05
6.23021294501e-05
1.68176254334e-05
1.71704784602e-05
1.03184561662e-06
1.09816013835e-06
1.11359326111e-05
3.59026351184e-06
4.61038329533e-05
1.53673768122e-05
1.00040360614e-06
9.08937290724e-07
1.08021263689e-06
1.03988121998e-06
2.80496157855e-05
9.85709062813e-07
5.52317758217e-06
1.02192972796e-05
3.35859941682e-05
1.6377619589e-05
2.34687602154e-05
1.0878421214e-06
1.04244357017e-06
1.51164490997e-05
1.05147775257e-06
8.59027173415e-06
1.04946528077e-06
1.04282508043e-06
1.01884075619e-06
1.05440285303e-06
9.46665380346e-06
9.89187641775e-07
2.94050275288e-05
2.59016450473e-06
1.0801486162e-06
1.39232318981e-06
6.49245039506e-05
1.1153240618e-06
1.01052872808e-06
1.00284904995e-06
1.09843780415e-06
4.41999611034e-06
1.11583019119e-06
1.05864474756e-06
9.343388878e-07
6.7122883569e-05
1.09982923642e-06
1.03854151438e-06
9.21666250994e-07
3.13043680414e-06
9.76702584169e-07
1.00575020846e-06
1.53371474765e-05
1.07917411238e-06
1.0541779038e-06
1.54267993528e-06
2.39494490871e-05
9.25100099085e-07
2.23382685603e-05
1.08065546205e-06
1.00710647731e-06
4.30083372697e-05
1.08120340831e-06
9.60293419632e-07
1.01965472106e-06
1.08491608344e-06
3.59084929201e-05
1.04659008007e-06
2.89860405556e-05
3.30945025582e-05
8.36521920692e-06
9.54268522567e-07
1.08238060682e-06
