2.18259499019e-10
2.98766137736e-06
3.8304241677e-06
4.31752199118e-06
1.53656158519e-06
5.29397714238e-06
2.7742686543e-07
4.94148334277e-06
1.4942608317e-06
5.30251937583e-06
1.21670950995e-06
4.02944844883e-06
5.47137020657e-06
4.69207082986e-07
7.29494936496e-10
5.19144057142e-06
4.94491239587e-06
4.59629555394e-06
4.32377665536e-06
1.85476921914e-06
4.8815864815e-06
8.96518080651e-07
4.2677034717e-06
4.80408874679e-06
4.3788787831e-06
4.66105161956e-06
2.26984314146e-06
7.66488767211e-07
3.00373241843e-06
2.80476613307e-06
5.07717858381e-06
1.6240265658e-07
3.79634513483e-06
4.94631295024e-06
8.99556925602e-07
1.9478056813e-06
8.57224297713e-06
4.89925797954e-06
5.36335358274e-07
4.75249412573e-06
4.6680971802e-06
3.97176358641e-06
4.24243674881e-06
4.84674882333e-06
5.96996631207e-07
4.19559208207e-06
4.95714205687e-06
3.66684460559e-06
9.27256745673e-11
4.71791273193e-06
4.76711739655e-07
3.21624772091e-06
4.74607388845e-06
3.21421728113e-06
4.28523785259e-06
2.68928723332e-06
8.72685221429e-07
4.86994273301e-09
2.33050437795e-10
2.2896622915e-06
3.34565848455e-06
2.13113493617e-06
4.69217594452e-06
2.41170649001e-06
4.48271034624e-06
4.52850687725e-06
1.38868998002e-06
8.16747294077e-06
4.4972538875e-06
5.95534096126e-06
5.89358151226e-06
3.09816800204e-06
6.59405548178e-08
3.99274118893e-06
2.10812728342e-06
2.38453571886e-07
9.46034009892e-07
6.77839356917e-06
4.60981867715e-06
4.40471031498e-06
2.78488882729e-06
1.69039949481e-06
5.24690534782e-06
1.15048629639e-08
4.61439056506e-06
7.74328092107e-06
5.48950807118e-07
3.46079841667e-06
4.90173919845e-06
2.0892511543e-06
5.841563729e-07
3.64662641238e-06
4.24582510022e-06
4.7393047272e-06
6.20974208511e-11
5.21316338939e-06
4.60232377135e-06
4.39007583075e-06
1.13292335085e-06
4.61465614759e-06
