9.50663540384e-08
8.11419545873e-08
8.06237755454e-08
8.34148909819e-08
7.63221729641e-08
7.83402401761e-08
7.55916941791e-08
7.94500157134e-08
8.30250622784e-08
7.55947260179e-08
7.92764993315e-08
7.46543596867e-08
7.49863986309e-08
7.63316798257e-08
8.71480347501e-08
8.59563153222e-08
8.81551117346e-08
7.56590182496e-08
7.76913442285e-08
8.45272054415e-08
7.43582544607e-08
7.5200829027e-08
7.77419989638e-08
8.75622469586e-08
7.757776203e-08
8.07222450538e-08
7.92464453468e-08
7.96756258232e-08
8.66861830961e-08
8.12635315798e-08
8.44646616153e-08
8.84695765087e-08
8.0875602992e-08
9.08670906003e-08
7.54599648558e-08
8.37258520506e-08
8.43854922283e-08
8.50903995312e-08
8.87636480907e-08
7.87279280563e-08
8.52915376393e-08
8.62661007922e-08
7.90830671994e-08
7.99174596931e-08
8.54999181387e-08
7.6911126705e-08
7.56951890854e-08
8.55971283357e-08
8.0460635405e-08
7.64645099418e-08
6.84989618506e-08
8.04445544445e-08
7.44637104307e-08
7.30046036472e-08
7.88435847111e-08
8.27540529254e-08
8.04836698098e-08
8.21226982353e-08
9.26864984061e-08
8.58311703696e-08
8.20614228244e-08
7.84472465489e-08
7.96730215472e-08
8.36040485856e-08
4.76778807825e-08
8.44788784391e-08
8.0345557758e-08
8.02340862962e-08
9.39075734456e-08
8.00908112907e-08
8.14344886633e-08
8.26651851584e-08
8.91103056315e-08
8.87275193252e-08
7.19359558127e-08
8.86746325602e-08
8.70645297289e-08
7.70810803899e-08
7.27657350946e-08
7.53034595655e-08
8.36762816033e-08
9.12848814703e-08
7.27789540068e-08
7.90390846137e-08
8.36937092285e-08
7.88622923554e-08
6.99093092402e-08
7.79570719378e-08
8.51875047958e-08
7.90951018001e-08
9.11880908121e-08
8.39924959878e-08
8.52444517798e-08
8.36747851231e-08
8.45903756351e-08
7.42510325667e-08
7.95296207391e-08
9.03605582313e-08
8.57537301464e-08
8.27759483974e-08
