4.54118018965e-07
4.87437362401e-07
4.82107963097e-07
4.58552710422e-07
3.24069173278e-07
4.89293339399e-07
4.46704185636e-07
2.77622297974e-07
8.20331861895e-08
1.69573559107e-06
2.70263201739e-07
5.32335155933e-07
4.92726611611e-07
8.40721350701e-07
9.89765497215e-07
4.98804226073e-07
1.01498984283e-07
3.0872922598e-07
2.77167992254e-07
5.00358003734e-07
3.80979751609e-07
1.10304800218e-06
3.87388068248e-07
1.12287237108e-07
5.26811581732e-07
6.32740590677e-07
7.31987658204e-07
2.39325998077e-06
4.73343523859e-07
1.1827716121e-06
5.04663648951e-07
4.60280745491e-07
3.6214079378e-07
4.88355690948e-07
9.40833651811e-07
1.36073948372e-06
1.45294484464e-06
1.69320073058e-06
3.64552449122e-07
4.51648443058e-07
4.38920061534e-07
4.56003796953e-07
3.84879784869e-07
1.37309520641e-06
4.41573809089e-07
4.65497859181e-07
2.08416537882e-07
1.50907138837e-06
5.19196697488e-07
4.8390808846e-07
3.66313941317e-07
4.52031588774e-07
4.63000574499e-07
4.80432313707e-07
4.51401643393e-07
3.14125940353e-07
4.67389229023e-07
5.14420434485e-07
8.25773817001e-07
4.79856476609e-07
5.3759319646e-07
2.09276152855e-06
4.64657708061e-07
1.23716124616e-06
5.05540766629e-07
4.8647220005e-07
3.26557686734e-07
6.30569279893e-07
1.44657545131e-06
8.76875467071e-07
1.47407955771e-06
3.42129851515e-07
9.58102347903e-09
1.48589375844e-06
5.84710581421e-07
2.57520433174e-07
1.38534309156e-06
1.10210408726e-06
4.86901735812e-07
3.26610006152e-07
7.7897451211e-07
1.56656398905e-06
1.52311330169e-06
5.09145371791e-08
4.84473265725e-07
5.95183269945e-07
8.47494597586e-07
2.23766336318e-06
1.03503227702e-06
1.28904898733e-07
1.49811202628e-06
4.27917401275e-07
7.10199276883e-07
1.74545776063e-06
7.25753019261e-07
1.13450183929e-06
1.39548063511e-06
5.25379385379e-07
3.51747889475e-07
1.40025504857e-06
