4.070588863e-05
3.02387355635e-05
2.08291142115e-05
2.11636074331e-05
1.32158497991e-05
3.06413575835e-05
2.80414150943e-05
2.45199897658e-05
2.84376458132e-05
2.08686558911e-05
2.1149093071e-05
2.91234003474e-05
3.64420472702e-05
2.85648085534e-05
3.27198681345e-05
3.25095745145e-05
2.05641403929e-05
2.89719922808e-05
3.46062308531e-05
2.97932908416e-05
2.91930155068e-05
3.30129640309e-05
2.08092191953e-05
2.84726305653e-05
3.3151425594e-05
3.18318938496e-05
3.63446258529e-05
2.44118331068e-05
2.27582006085e-05
2.08091609188e-05
2.8271983909e-05
3.13221192874e-05
2.70415491734e-05
2.89147543844e-05
2.3632774159e-05
2.5334356149e-05
2.72675824251e-05
2.90324229668e-05
2.39318382775e-05
2.67058807379e-05
3.31389426216e-05
2.52409052122e-05
3.04031148933e-05
3.19594458879e-05
3.25881328115e-05
2.93513003236e-05
2.34713473693e-05
3.3176892521e-05
2.37190006399e-05
3.85013019619e-05
2.75383032415e-05
2.67489098078e-05
3.64936940079e-05
2.98889691165e-05
3.04285669819e-05
2.76543299596e-05
2.77881918983e-05
3.55707315883e-05
3.09011574614e-05
3.62630526727e-05
2.34042373016e-05
2.84080271058e-05
2.82421773274e-05
2.53655497799e-05
1.74439318566e-05
2.68304086728e-05
3.09422167291e-05
3.15359794792e-05
3.24927535529e-05
1.92911413611e-05
2.31764727519e-05
3.5245858818e-05
3.1234173089e-05
3.35341221331e-05
2.43960726484e-05
2.84562835549e-05
2.67029074258e-05
2.8192020802e-05
2.65033462717e-05
2.65348309783e-05
4.06839029734e-05
2.53790387688e-05
3.10865482542e-05
3.41632760906e-05
2.0498227006e-05
3.90869638495e-05
3.35916837902e-05
2.9163799941e-05
1.90447532078e-05
3.01091079928e-05
3.27207522314e-05
2.91578529688e-05
2.12273563188e-05
3.27970354449e-05
3.61316886806e-05
2.6996248864e-05
3.19700785005e-05
3.26562744046e-05
2.12711071759e-05
2.91913188062e-05
