1.16351795544e-08
2.06230064078e-08
1.07807720573e-08
4.36011873555e-08
9.64623453046e-09
4.78379306093e-07
1.01832548165e-08
1.08497456581e-08
1.34513758323e-07
1.22567097104e-07
6.17022911067e-08
1.03669397264e-08
1.07966628545e-08
9.52548196758e-09
1.01942914932e-08
8.96987121015e-08
7.83128236922e-08
4.1477338398e-08
9.84142717344e-09
1.98380141112e-07
1.01365947783e-08
5.98419642031e-08
1.01791677933e-08
9.28984360244e-09
2.0349463183e-07
1.06694984718e-08
9.97511629207e-09
6.64155907922e-08
1.12120207888e-08
2.23217909767e-08
7.0679317372e-08
1.00784680265e-08
9.82377864329e-09
1.0246612697e-08
3.18874330102e-08
9.19944517001e-08
4.04470131729e-07
1.09768644669e-08
1.06403779395e-08
2.83278774244e-08
1.04792256051e-08
9.45756788474e-09
1.29452088359e-07
1.01894596506e-08
1.14668706207e-08
1.59032169487e-07
1.48130646631e-07
5.829171616e-08
1.09051674055e-08
2.49278415903e-07
1.02546395948e-08
1.03402342216e-08
2.26321202655e-07
2.11552102627e-08
9.77426456009e-09
2.87334760928e-07
9.60417200269e-09
1.10255057201e-08
5.66017516003e-08
5.28464635528e-08
2.41183057277e-07
1.04066621871e-08
1.03689551937e-08
9.13334226956e-09
1.07943720494e-08
1.17883773942e-08
1.08006301878e-08
1.1252087814e-08
4.16098532251e-08
8.12965118747e-09
2.6726275311e-08
9.37076949363e-09
2.3261719976e-07
1.10560125489e-08
1.01356188737e-08
1.09981050289e-08
4.92344551644e-08
1.03777137778e-07
5.75317815824e-07
1.99856389584e-08
1.00708393223e-08
9.33152119644e-09
9.80797456554e-09
1.01925296048e-08
2.06864698719e-07
7.09168174007e-08
1.02284162987e-08
1.27685638399e-07
9.84322884715e-08
1.04171616496e-08
1.09706815594e-08
9.94898401534e-08
2.89327110601e-08
2.19956866872e-07
1.07239937669e-08
8.78433908266e-09
1.19783693407e-07
