4.23347141879e-05
1.00503890909e-05
1.0076468162e-05
1.54965026937e-05
9.70734181832e-06
0.000242262201654
1.21481343509e-05
1.00389194875e-05
7.4048783316e-05
0.000237853143046
1.57275869022e-05
8.33299695939e-05
0.00015382787583
0.000129070253543
1.11829403693e-05
1.05687955285e-05
6.60482815532e-05
9.95002504998e-06
1.15674406708e-05
9.30808838533e-06
0.000506305310052
9.81601055087e-06
7.06435846077e-05
0.000116831621389
6.160453524e-05
0.000133574238615
1.13239137892e-05
0.000740269067244
9.99035369575e-06
5.79635229336e-05
1.07662411993e-05
1.1278463893e-05
1.0751577455e-05
1.03159880888e-05
1.12262897014e-05
1.00703574963e-05
6.78991626014e-05
0.000160239426651
0.000237450320221
4.05335019307e-05
8.87087907104e-06
9.1961055972e-06
4.153611876e-05
1.01700179553e-05
1.06389518042e-05
0.00031700679149
9.67301454191e-06
0.000499635081986
0.000107519285379
9.87376753116e-06
9.54429015574e-06
2.41866158224e-05
1.60272224102e-05
5.05904945631e-05
1.06607986284e-05
1.04214456345e-05
0.000188655387646
1.00569813139e-05
1.13353892824e-05
1.03893466918e-05
8.56274993334e-05
0.000134650301451
0.000236532790334
1.01678095471e-05
5.32822663797e-05
1.08033462292e-05
0.000175189640069
2.95678513771e-05
2.05433679938e-05
0.000672348747315
1.08745212098e-05
9.55001583772e-06
9.89408901471e-06
1.08949367455e-05
4.9130530822e-05
1.31811584969e-05
0.000204070156237
0.000803713533448
4.92750904097e-05
1.06230439068e-05
8.72897183661e-05
0.000370255952594
9.36228437054e-06
0.000956802842506
0.000117168881267
1.12409811358e-05
5.73354251203e-05
9.96262350879e-06
1.08135732158e-05
9.91589024855e-06
1.08890534783e-05
1.35118777389e-05
1.28107014559e-05
9.90098450543e-06
9.37996353726e-05
6.48733482724e-05
5.9178932659e-05
0.000210087787295
1.10791901631e-05
1.00399668348e-05
