7.19529504767e-08
7.54562902342e-08
8.24030575337e-08
7.65198592734e-08
8.3769635147e-08
8.43690889774e-08
8.37427284448e-08
7.92900547492e-08
7.82588853102e-08
7.52998030076e-08
8.36683495136e-08
7.96964658224e-08
7.72798545008e-08
8.1823788383e-08
7.46821289485e-08
7.36936051247e-08
7.1830421851e-08
7.57711290529e-08
7.7387430515e-08
7.95106067513e-08
7.35299067926e-08
7.91547657888e-08
7.7546746374e-08
8.88990896804e-08
8.27814265089e-08
8.28096856361e-08
7.32224358365e-08
7.15212145838e-08
8.08920449777e-08
7.89745173624e-08
7.77816196418e-08
8.34727018333e-08
8.51777142888e-08
7.94988828182e-08
7.92357637904e-08
8.30647551114e-08
7.72252117866e-08
8.48866853851e-08
8.19902523775e-08
7.58891550428e-08
7.9567462236e-08
7.93702091313e-08
7.48735963518e-08
7.13200111593e-08
8.06765233788e-08
7.9557266291e-08
7.33007993501e-08
8.39364873192e-08
8.25608129377e-08
7.92077762769e-08
8.19933023652e-08
8.90037923251e-08
7.42796860725e-08
7.48132054729e-08
7.64601557025e-08
8.42881755692e-08
8.21429787033e-08
7.86216841602e-08
7.16586117306e-08
7.07841127187e-08
7.6595973201e-08
7.51334129039e-08
8.67628230393e-08
7.72042061022e-08
7.94259679202e-08
7.95582234201e-08
8.16040102768e-08
7.61670253399e-08
7.89010443575e-08
8.29291647572e-08
7.31726220966e-08
7.26680804495e-08
7.25434286238e-08
7.2457625369e-08
7.64047379134e-08
8.27695048384e-08
8.41410160185e-08
7.76621484397e-08
7.93260687522e-08
7.85627712962e-08
8.1872194298e-08
8.69682248044e-08
7.95379018793e-08
8.36368757351e-08
8.11917631411e-08
7.2869960054e-08
8.36734738159e-08
7.59402116998e-08
8.16818779619e-08
7.68819295415e-08
7.30335032555e-08
8.44001564663e-08
7.90632885084e-08
8.31118646038e-08
7.41671308208e-08
7.29814398947e-08
8.06071958096e-08
7.75156422672e-08
8.8852776649e-08
8.43522631083e-08
