0.00484403769493
0.0460757958276
0.0023468822551
0.000942452750868
0.000951630938315
0.00102013754385
0.00105104741872
0.00095651121652
0.00098759040284
0.00112540169839
0.000966184918525
0.00102901938659
0.0130703790313
0.0112465098147
0.000973391807116
0.00105009379083
0.00101027787967
0.000979355415099
0.000976741740726
0.000955988882904
0.00117912906116
0.00103888414304
0.00107661442264
0.0312924305075
0.00100476418427
0.0115990698421
0.000886609366786
0.0381700910816
0.000938322042014
0.00116774490456
0.00102492794604
0.00106207668265
0.000972956373311
0.00104904056593
0.00371767062617
0.00107366969361
0.00105717067924
0.00107615283396
0.000986573269141
0.000989943839476
0.00373168851367
0.00107690505201
0.00870801907173
0.00100540677385
0.0041264972352
0.00111516414139
0.024922496361
0.00101944179472
0.00892169950094
0.000949466928455
0.00099745826893
0.00101292055834
0.000969104606112
0.00104137000176
0.00206592462433
0.0010355566473
0.0146216361127
0.00102191238197
0.000907368862457
0.0166491870858
0.00102393332562
0.00101899628981
0.0149598141207
0.00105909134402
0.00111869275748
0.000999507748087
0.00102529839808
0.0010058434316
0.000977522238528
0.00101112525526
0.00099671787832
0.00104108504325
0.000938731090097
0.0168374981059
0.01005261744
0.00101123013572
0.00702981514841
0.00094698555124
0.00112705847993
0.00411171744623
0.00117711303094
0.00111446112847
0.00108872828118
0.00105895526623
0.000949666540141
0.000917638009247
0.00102593970417
0.00102102370863
0.000941928803537
0.00109817009407
0.000923533425988
0.00105715046113
0.0375690149088
0.000928813850869
0.00103689355051
0.000958166871882
0.00102740878145
0.00103753308808
0.000978663646142
0.0243289448048
