2.51353473262e-08
3.49178555675e-08
4.39838293157e-08
3.27168774071e-08
3.56163072932e-08
3.43325664846e-08
1.49018170437e-08
2.47651591994e-08
2.6353587306e-08
5.59441699698e-08
4.48821412971e-08
3.34109805987e-08
2.39844945727e-08
6.50296617682e-08
2.49155863535e-08
3.56435090863e-08
2.37310079544e-08
4.37609167829e-08
1.47458773586e-08
2.35203141965e-08
3.46365029085e-08
4.49151682666e-08
3.34943996576e-08
3.40970823971e-08
6.27238285804e-08
2.44028041802e-08
4.47484709559e-08
3.1538229181e-09
2.54197044042e-08
5.39060309845e-08
2.40177885026e-08
5.27830908763e-08
3.54377853704e-08
4.67205706302e-08
3.37151661532e-08
5.49407331392e-08
4.54668591224e-08
1.31795290985e-08
4.26721448299e-08
1.48045318543e-08
5.05927276405e-08
3.45443557886e-08
5.38100238765e-08
3.51802091166e-08
6.45929365082e-08
4.61256490462e-08
4.44792228512e-08
4.68085723205e-09
5.56737027438e-08
4.54008008049e-08
4.48548127159e-08
4.09914237689e-08
5.48345127545e-08
7.30236545766e-08
1.52347049772e-08
1.5098977874e-08
4.27661917461e-08
1.45535753275e-08
2.3509979703e-08
2.51907346704e-08
2.50710590951e-08
3.18434288398e-09
5.55895785766e-08
3.35625931754e-08
4.36125811651e-08
4.81701341274e-08
1.50440945829e-08
4.90348073084e-09
4.90262300536e-08
3.44580586951e-08
2.90286237444e-08
2.61790882953e-08
2.90831390394e-08
5.41415924296e-08
6.85483037819e-08
3.50894921452e-08
3.17186712234e-08
3.41939206128e-08
1.46928797704e-08
3.44796942625e-08
4.21137749514e-08
1.54981482023e-08
3.51828199036e-08
3.55950467128e-08
2.08467147913e-08
2.41748874931e-08
4.59219933158e-09
1.439511835e-08
2.44786891395e-08
2.34063135284e-08
3.35433741009e-08
3.37161680682e-08
4.47024236339e-08
3.29946501479e-08
5.39412491855e-08
2.54476709083e-08
5.00469564952e-08
6.42685693926e-08
2.36234872385e-08
5.49441356434e-08
