3.89837023833e-07
2.4029351199e-07
6.98950632345e-08
2.47600181598e-07
3.01856812116e-07
1.29228964263e-07
2.76812764974e-07
1.42868638391e-07
3.5079889856e-07
3.31383335189e-07
1.39437957928e-07
3.33370944638e-07
6.56916536501e-07
1.67267139764e-07
2.23754245515e-07
1.32496333571e-07
2.93153328619e-07
2.47056373472e-07
6.58942755396e-07
3.32666075486e-07
5.29308482962e-08
8.24041024621e-07
3.55989185123e-07
3.80889571793e-07
5.21681566925e-07
3.33190271026e-07
4.89498850263e-07
5.51312754171e-07
3.53206688325e-07
6.57691750059e-07
3.25577223406e-07
1.66546613668e-07
2.51917672887e-07
1.66237276164e-07
9.098046427e-08
3.52394984817e-07
5.15024447065e-07
2.26047956259e-07
3.37928156115e-07
4.41963337456e-07
4.33669486777e-07
3.38702323491e-07
1.70892671366e-07
6.72948634795e-07
4.35243666658e-07
3.41143024646e-07
1.44014515678e-07
4.49797289771e-07
4.40178097561e-07
4.50772632132e-07
4.70284427443e-08
5.46644501204e-07
1.76193574487e-07
5.50588355356e-07
2.60107592293e-07
6.92841570638e-07
3.25773666304e-07
3.72663326125e-07
4.57721030863e-07
5.26420993772e-07
2.02795827662e-07
2.63889436196e-07
2.5281403406e-07
3.86407029046e-07
3.30363349127e-07
1.42345159533e-07
4.45436961592e-07
1.10660695887e-07
2.45774155439e-07
8.11121825359e-08
3.9835461735e-07
1.22745592784e-07
8.89797856867e-08
5.42770921752e-07
1.85388709987e-07
3.56169277043e-07
7.22309460409e-07
2.14865276261e-07
3.46534832617e-07
3.36168055455e-07
4.44804172868e-07
3.11391697968e-07
4.49191359455e-07
2.60783516526e-07
5.88691741568e-07
2.10767534882e-07
3.39374598494e-07
2.7561615694e-07
2.41778363e-07
4.54708410359e-07
3.46379123511e-07
3.35680398231e-07
3.69519130536e-07
5.38130040316e-07
3.76499812541e-07
1.86490856053e-07
2.42113555167e-07
2.56093492205e-07
2.50386386685e-07
1.70517607479e-07
