4.7316093325e-07
4.45930633749e-08
3.99115664273e-07
4.30115312741e-07
5.36454799334e-07
5.45627874721e-07
4.90467861995e-10
4.24933512103e-07
4.90292301597e-07
8.12006779417e-08
5.01050091991e-07
3.74219636423e-08
4.54914560007e-07
4.03858760938e-07
5.29547511633e-07
5.09975690541e-07
4.44879688116e-07
5.25333209154e-07
5.33877278266e-07
4.38914286099e-07
4.33611565343e-07
4.32357071416e-07
4.65508328531e-07
5.00812444353e-07
4.15058467972e-07
4.2855567596e-07
3.39215344295e-07
4.60876385648e-07
3.10016902713e-07
3.10348051166e-07
3.60419887056e-07
4.55004509409e-07
1.45183501319e-06
4.78062892021e-07
5.00101798877e-07
4.64718227426e-07
4.39787655828e-07
3.95136548599e-07
1.13510132276e-07
4.25447984707e-07
4.14175874062e-07
4.21434002975e-07
4.11680921657e-07
5.29224837671e-07
1.42799860603e-10
5.00180047726e-07
5.35982810448e-07
4.61969565553e-07
5.26985166472e-07
4.40475837714e-07
5.62951417459e-07
4.25811083604e-07
4.70911892186e-07
4.38471511766e-07
6.56416047449e-07
4.59584152059e-07
4.89238343711e-07
4.85435740863e-07
1.53479952761e-07
4.82729986795e-07
4.66298990678e-07
5.048067628e-07
4.97024736997e-07
5.08573059845e-07
6.82963201885e-08
5.15164280425e-07
4.68746426485e-07
5.23868421029e-07
5.45749428855e-07
2.09629447499e-07
4.70486815025e-07
6.71706332377e-07
1.11703847524e-07
3.57335950065e-07
5.10343251584e-07
4.19555757368e-07
5.06062482144e-07
4.48849476392e-07
4.93556271559e-07
4.86479813222e-07
5.48843357991e-07
4.92630837548e-07
4.47050356106e-07
1.38471261013e-08
4.79957581191e-07
3.79145353597e-07
3.6783717544e-07
2.05401198629e-08
1.37053176619e-06
4.39248807297e-07
4.48794304987e-07
4.52973920975e-07
7.51044842425e-07
4.61580884326e-07
4.64429604997e-07
5.48842060855e-07
4.76866940711e-07
4.97016706461e-07
3.67384544135e-07
4.94005301419e-07
