7.12323944314e-07
8.04444064916e-07
7.13003020692e-07
8.68111543386e-07
7.95639866625e-07
8.3599561831e-07
8.04995365024e-07
7.09060442536e-07
7.60995211158e-07
7.74004576353e-07
8.22764116672e-07
7.68158701402e-07
7.49056267193e-07
6.55491803038e-07
7.7930341007e-07
6.94640214154e-07
8.34116633398e-07
8.30456913586e-07
7.78892348119e-07
8.41026127326e-07
8.08964000673e-07
8.06228410066e-07
8.45626698585e-07
7.23158066704e-07
7.83512618479e-07
7.42764326279e-07
7.48493685419e-07
7.53276957084e-07
7.66445680592e-07
8.14052470103e-07
6.5158410318e-07
8.3911004808e-07
7.9373427154e-07
7.91383734937e-07
7.25196024944e-07
8.17816338347e-07
7.22849958812e-07
7.40574867227e-07
8.169915257e-07
8.27390636675e-07
8.461320894e-07
8.84409027469e-07
8.3804635491e-07
7.74915977356e-07
8.45020835702e-07
8.35942490171e-07
7.67756402519e-07
7.65908282279e-07
8.39150591876e-07
7.27220514271e-07
7.70684022796e-07
7.87374651168e-07
7.54992097031e-07
7.89537471477e-07
8.04704356903e-07
7.23918743133e-07
7.86514974067e-07
8.18939081551e-07
7.18876082839e-07
8.07704953364e-07
7.37321530556e-07
7.46003340206e-07
7.34632952253e-07
8.02714785836e-07
8.0990726299e-07
7.33623374851e-07
8.0848010437e-07
7.81558663541e-07
8.49595853949e-07
7.51361472477e-07
7.62726341666e-07
7.6310140445e-07
8.3500770688e-07
7.30086392674e-07
8.53377150835e-07
7.69956839193e-07
7.97825816423e-07
7.64305223466e-07
7.28671039099e-07
7.89556900953e-07
8.40495766908e-07
7.99112032082e-07
7.49096242791e-07
7.77100294674e-07
7.85227424355e-07
7.57262204194e-07
8.09181927434e-07
7.20629417172e-07
7.57568037454e-07
8.11985371497e-07
8.16675947347e-07
7.13253026587e-07
8.7349185504e-07
8.29111783297e-07
8.83525680735e-07
7.46357465896e-07
7.7075268606e-07
6.72801305235e-07
7.68294615928e-07
6.74513672289e-07
