1.78532400687e-06
1.03987167343e-07
1.0188289044e-07
9.74900186832e-08
8.08403636704e-07
1.03726974757e-07
3.43666148758e-06
0.00680627210731
3.1016305749e-07
1.04571153723e-07
9.94694541303e-08
1.0152212722e-07
1.08856719928e-07
5.0404180674e-06
8.49148772484e-08
2.52497211451e-07
9.99889231025e-08
1.00625392445e-07
1.21152014927e-06
1.04177962753e-07
1.00736269407e-07
6.830140723e-07
1.04416033078e-07
9.62024105808e-08
2.77840199614e-06
1.52722849507e-06
1.45216524429e-06
2.5342663884e-06
9.11514203419e-08
2.38355822676e-07
1.59386518951e-06
1.10227332495e-07
3.45917674827e-06
1.10293861852e-07
1.091329366e-07
1.1806414911e-07
1.38245752088e-07
9.5341863362e-08
1.01423478907e-07
1.07815829519e-07
1.13800055159e-06
7.14094947759e-07
1.13243407546e-07
1.03504813051e-07
1.01970344865e-07
2.05124809507e-06
8.98348713715e-08
9.98943454158e-08
1.05566935672e-07
1.00463227721e-07
2.21988678198e-06
9.69929829184e-08
9.90762939078e-08
8.11157001119e-07
6.58220567578e-07
1.08735778682e-07
9.7415806326e-08
1.10024780976e-07
2.55360162859e-06
1.10140344891e-07
9.47790308513e-07
1.10918198651e-07
1.56136953516e-06
9.71225054951e-07
2.70645683699e-07
1.37166506653e-07
3.2131240281e-07
9.4737639125e-08
1.03086669955e-07
9.43423887988e-08
7.53070908881e-07
1.13762977999e-07
1.0685504372e-07
1.00236022642e-07
1.75550790678e-06
1.59867130074e-07
1.04666294894e-06
4.17998376041e-06
9.57462748038e-08
1.02993829995e-07
9.04608710799e-08
1.66570188729e-06
1.08922278417e-07
1.00891499808e-07
1.63236140162e-07
9.58685460627e-08
4.97043062186e-06
8.19613072962e-07
9.61746258043e-08
6.0234745385e-07
1.5801138651e-07
5.6777920112e-07
9.5686199297e-08
2.64212715632e-06
7.48153099816e-07
9.4243630392e-08
9.33571982455e-08
5.98782180127e-06
1.72435557909e-07
9.29146211038e-08
