8.23295506118e-06
8.56059677528e-06
8.27889608727e-06
8.18832113249e-06
3.6477916027e-06
7.96499078015e-06
7.87601704312e-06
7.30009096237e-06
7.32225607693e-06
8.28149820622e-06
8.13292241748e-06
7.35728437374e-06
8.32871396999e-06
8.75862183388e-06
7.27775459052e-06
7.87166559575e-06
7.61636911642e-06
7.50669485054e-06
8.31440426721e-06
7.30481274061e-06
8.31400134717e-06
7.25444682286e-06
7.28682579633e-06
8.37641712525e-06
7.98794917563e-06
7.52020785735e-06
8.21287323567e-06
7.69475395025e-06
7.76194795004e-06
7.2146896951e-06
8.22787341559e-06
7.38423597843e-06
7.34771718581e-06
7.69252616977e-06
8.61733837847e-06
8.46399191014e-06
8.07106774537e-06
8.51831343699e-06
7.97067091594e-06
8.09856508214e-06
8.3580490485e-06
8.53241287507e-06
8.8331770252e-06
7.78501620837e-06
7.49537641835e-06
8.6365191862e-06
8.48223449628e-06
8.84039982906e-06
7.94765711661e-06
8.51742106168e-06
8.55602407751e-06
7.43307712808e-06
7.99502002133e-06
8.57705287944e-06
8.24814418366e-06
7.70703119672e-06
7.33007549633e-06
8.47392227577e-06
8.60338767925e-06
8.43643189674e-06
8.1319868378e-06
8.71886178482e-06
8.03614442954e-06
8.83956417998e-06
4.01313338092e-06
8.31502813764e-06
7.11642861695e-06
8.41883547616e-06
7.75674388008e-06
8.51771981952e-06
7.87870615966e-06
8.18849737647e-06
7.14536591303e-06
7.41411161285e-06
8.75413415357e-06
8.85291552943e-06
7.19891192526e-06
7.60260771979e-06
8.88357016847e-06
7.50294302675e-06
7.69714713411e-06
7.71306635315e-06
6.7952552964e-06
8.24001942429e-06
7.17749999885e-06
8.20916830285e-06
8.78265859632e-06
8.82561095304e-06
8.14168581077e-06
7.48399479787e-06
8.46419761237e-06
8.46221225891e-06
3.91181304977e-06
7.49519728178e-06
8.14794669944e-06
7.96149639874e-06
7.23740316186e-06
7.12880731048e-06
8.14394654319e-06
8.76943195575e-06
