0.000308895070204
0.000111956789821
0.000104154814605
0.000108701700045
8.80549161314e-05
9.77001386895e-05
0.0043975191801
0.000104326851529
0.00205871853742
0.000517993199433
0.00599418806181
0.00717139977071
0.000106873894621
0.00194815083172
0.000102641009992
0.00198952809557
0.00152325404957
0.000992881345656
0.000104545089899
9.28543180223e-05
0.00258383911801
0.000175952906813
0.000119966401414
0.00010166410748
9.35418426153e-05
0.000398277022689
0.00360824011206
8.98664890599e-05
0.00317317107767
0.000103759509626
0.00267532225977
0.000104976080527
0.000107410072242
0.000105242325571
0.00646881711241
0.000100012566681
9.9837667194e-05
0.000336209848096
0.000101808464561
9.91301155239e-05
0.000102068224989
9.79973101629e-05
9.78565034899e-05
0.000482049824691
0.000105172645711
0.000109813899761
0.00118904018109
0.000369269163023
0.000109416891761
0.000106250598467
9.35606138371e-05
0.000109927048899
0.000104259142789
9.4831736025e-05
0.000100649382888
0.00600045678399
0.000101402933323
9.68541999602e-05
0.000108901980299
0.000113301148266
0.000104568843225
0.000123941851364
0.000102805736111
0.00492622165858
9.57419158375e-05
9.49924233879e-05
0.000333499808472
0.00117784852428
0.002514200249
0.00112904297284
0.000890073568901
0.000300810979077
0.00252522632089
0.000394297786611
0.000129197095383
0.000100492749492
9.59595407502e-05
9.94466419702e-05
0.000106241282829
0.000104135879928
0.000103864740549
0.00238503952095
9.63413068888e-05
0.000121992336094
0.000479447363367
0.00444841739551
0.000776291518209
0.000539068892554
0.000191540141479
0.00467991689017
0.00114131469293
0.0080064571787
0.000114525458686
0.00011160993525
0.00119345834992
9.45344699902e-05
0.000106391233834
0.000512950090034
0.000105577541537
0.000296821296788
