0.00631550330532
0.00721881413894
0.0062647942734
0.00594247031362
0.00641964725523
0.00619959223093
0.00460976748101
0.00640512166078
0.00656257491665
0.00559422111689
0.00699789794958
0.00605117085595
0.00711330094094
0.00696739771178
0.0062211978363
0.00682630801084
0.00707164346703
0.00504915128102
0.00660929116725
0.00606525396196
0.0078861067098
0.00733575672944
0.00643697159781
0.00609182808751
0.00439070039274
0.00604847846289
0.00528136339294
0.00635390481168
0.00671695166963
0.00386663540787
0.00433699333088
0.00495963571996
0.00731223426429
0.0068771567568
0.00664936118081
0.00537798866991
0.0058342740308
0.00727102568463
0.00638419076436
0.00635537397693
0.00603300225066
0.00569116014083
0.00644531307377
0.00651850374692
0.00635888838766
0.00526947415745
0.00645048975776
0.00666762349686
0.00544266775702
0.00566331659147
0.00649197305993
0.0069244777428
0.00632883180879
0.00586325993748
0.00758901853147
0.00520269178369
0.00573097244805
0.00737597685154
0.00714195075195
0.00657659726228
0.00664143484894
0.00642848408237
0.00533592603605
0.00621740089744
0.00442053567367
0.00615210665509
0.00702156254436
0.00700843115289
0.00701776428819
0.00565384139855
0.00580704824406
0.00653701144149
0.00678922780603
0.00586846630785
0.00682469200285
0.00620126690759
0.00538272896733
0.00497988945366
0.00689041950646
0.00672419695604
0.00590599187583
0.00762515537474
0.00710055147135
0.00644696101464
0.00677544590647
0.00727150647881
0.00513629482318
0.00639241350478
0.0058474820613
0.00533100852838
0.0066144954563
0.00582479433481
0.00644149717743
0.00671007670118
0.00524114408824
0.0049479181714
0.00734004001238
0.00625512850973
0.00705220677794
0.00624924234596
