7.7591519656e-09
8.01711180259e-09
7.81093930042e-09
7.34863833901e-09
1.78918234991e-09
8.20178277951e-09
7.81257245098e-09
7.50078442177e-09
8.70219705148e-09
8.62900913545e-09
7.62290563243e-09
8.16798592545e-09
7.88627007509e-09
7.96675497273e-09
8.01318317005e-09
7.62603832804e-09
8.24050524517e-09
8.48433572231e-09
8.09969850036e-09
9.07381310356e-09
8.575177584e-09
8.10442993347e-09
7.94212710464e-09
8.1672234511e-09
8.58327890409e-09
7.49826733805e-09
7.41400866017e-09
8.45789241269e-09
8.76890440157e-09
7.95858975701e-09
8.70259338047e-09
7.80567774591e-09
8.30184485783e-09
8.57305748941e-09
8.13803969946e-09
7.2823696622e-09
8.53393620838e-09
7.54298562938e-09
8.34880662499e-09
8.03140175562e-09
9.37938099496e-09
7.84608610809e-09
6.70405290471e-09
8.64847571921e-09
8.24669352853e-09
7.72818320323e-09
8.07593604525e-09
7.97327048129e-09
7.98225493824e-09
7.72142216875e-09
8.23792403885e-09
7.681438148e-09
7.81189939882e-09
8.63290595459e-09
8.33977177552e-09
7.88710917589e-09
8.43646016026e-09
8.14681561118e-09
7.83208644527e-09
8.11286693665e-09
8.18130721549e-09
8.14439119971e-09
7.73019592682e-09
7.7581960298e-09
4.49519447152e-09
8.31001817971e-09
8.35839980829e-09
8.45085260257e-09
7.7737751996e-09
8.82900194438e-09
7.56867071441e-09
7.41494879831e-09
8.45451116978e-09
7.71063168196e-09
8.42636926615e-09
7.72824447119e-09
7.48672069708e-09
8.05391657779e-09
8.06438182653e-09
9.13739549659e-09
7.58314809281e-09
8.01467913119e-09
8.17337523873e-09
7.33031624141e-09
8.55039835373e-09
7.61723546609e-09
7.93404174852e-09
7.91526000455e-09
8.43668560164e-09
7.9355435547e-09
8.1769246135e-09
8.38589905829e-09
4.33691849557e-09
7.77176189411e-09
7.9883832479e-09
8.9562331938e-09
7.81878738753e-09
8.76218492467e-09
7.95252960305e-09
8.15838269379e-09
