4.02653652701e-08
4.63056884238e-08
4.45858093564e-08
1.41795500878e-07
5.18377188451e-08
5.11196664809e-08
4.9585458349e-08
4.49869984419e-08
4.43784634974e-08
1.50570412955e-07
3.21826774448e-08
4.59266542924e-08
4.45726481822e-08
4.46569128317e-08
5.25138236791e-08
4.49220454526e-08
4.80356883047e-08
1.45715009047e-07
4.60037895368e-08
3.75265192594e-08
4.64381378889e-08
1.38139288121e-07
4.45985373328e-08
8.02249038483e-09
4.99652855811e-08
4.77213392873e-08
4.41331823194e-08
4.88229698006e-08
4.82047907034e-08
5.33648005956e-10
4.93424117577e-08
1.41116428346e-07
1.5269137152e-07
1.44914599738e-07
4.64373032963e-08
2.06112544783e-07
1.47935948921e-07
2.70398387184e-08
1.45154539234e-07
4.73653752308e-08
4.62434300366e-08
4.56848042304e-08
4.73331329402e-08
4.90784926473e-08
1.44598562475e-07
4.9248573712e-08
4.92853794168e-08
4.54068335004e-08
4.52174912169e-08
4.68524940911e-08
4.90646370182e-08
1.40283771309e-07
4.74828493863e-08
1.42493723625e-07
5.46635159834e-08
5.01037313908e-08
2.48845820793e-07
1.89217338053e-08
4.67603642361e-08
4.80633212427e-08
4.24433965926e-08
4.55794878544e-08
1.44021058113e-07
1.39982567253e-07
5.32158883246e-08
6.9954708284e-08
4.87736618634e-08
5.39706762671e-08
3.3957855355e-07
3.46886534641e-08
9.35123561713e-08
1.36163883842e-08
8.09429719999e-08
3.02993958674e-08
5.06370843075e-08
4.45453312439e-08
4.10319512527e-08
4.60953712381e-08
2.77593078513e-08
4.29188020284e-08
4.6281586736e-08
4.60722153544e-08
9.33754648991e-08
4.60511561418e-08
5.39768855758e-08
4.96625742812e-08
4.39416050622e-08
4.3626532077e-08
1.79944849088e-07
4.38342583165e-08
3.85385415062e-08
4.56618780265e-08
2.21231163719e-07
4.61813635394e-08
4.47078841559e-08
4.75566043183e-08
5.16024213911e-08
1.46085834448e-07
4.53304431552e-08
1.30486983818e-07
