1.85630166285e-08
2.78680850877e-08
2.60194009337e-08
3.35490044731e-08
2.36819680482e-08
2.47370226645e-08
2.59210075636e-08
3.25584026813e-08
2.51474120277e-08
3.66519023027e-08
2.62391583552e-08
3.09775791473e-08
2.49128306193e-08
2.78293011526e-08
1.96446584861e-08
2.35003409203e-08
2.38922688841e-08
2.46862074243e-08
2.17245161832e-08
2.71093233533e-08
2.09284769812e-08
2.08598388867e-08
2.32212351909e-08
3.01673373751e-08
2.07208800676e-08
2.35775270585e-08
2.7575957544e-08
2.04721960671e-08
2.27723826615e-08
2.28058661695e-08
1.37338185463e-08
2.16902187742e-08
2.45028018568e-08
3.40275405678e-08
2.38162194145e-08
2.27151932549e-08
2.87597594752e-08
2.04194647549e-08
2.78035476899e-08
1.77088403071e-08
1.71395788229e-08
2.13545060517e-08
2.92244225202e-08
2.77240866054e-08
2.57817745287e-08
2.21293651555e-08
2.38814621316e-08
1.94960430771e-08
2.40208502956e-08
2.87640604749e-08
2.27561607293e-08
2.31029533162e-08
2.47669823435e-08
2.80528000742e-08
2.47609298113e-08
1.47644381197e-08
2.66644048053e-08
2.17538760076e-08
2.47713216364e-08
1.64564709472e-08
2.33679317992e-08
1.97259517155e-08
2.6842304671e-08
2.17434106897e-08
2.28438758608e-08
2.51501704841e-08
2.25685083197e-08
2.86109891993e-08
2.60967652195e-08
3.19693492106e-08
2.46567955602e-08
2.51900965082e-08
2.72723964232e-08
2.2450757309e-08
3.21008329105e-08
3.01264581643e-08
2.43343032591e-08
2.48405845643e-08
2.34785100637e-08
2.66870614893e-08
2.65533008243e-08
2.16677146522e-08
3.22606948329e-08
2.93891028857e-08
2.3871272847e-08
1.76390185197e-08
2.61969864548e-08
2.80988707095e-08
2.65074104424e-08
1.98204213376e-08
2.71529720696e-08
2.27763621107e-08
2.56686728352e-08
2.6935547147e-08
3.20824251617e-08
1.87415253674e-08
2.5707725603e-08
3.08708053871e-08
2.16573527615e-08
2.28031168928e-08
