8.62872129239e-05
7.83996803535e-05
8.75593826763e-05
8.73855754736e-05
7.28770982244e-05
9.31021509271e-05
7.28515009991e-05
8.6631990958e-05
8.39007442976e-05
8.76210275173e-05
9.60983228572e-05
4.05734951613e-05
8.99407802919e-05
8.84418796112e-05
9.1143306206e-05
8.98022325766e-05
9.52873169366e-05
9.0623116104e-05
8.86841993497e-05
8.91943494565e-05
9.4970824503e-05
9.41518436354e-05
9.25253930858e-05
9.01767521266e-05
8.45058520302e-05
8.63143522651e-05
7.98917385174e-05
9.64142646334e-05
9.79425465553e-05
9.3127320091e-05
8.58887509363e-05
8.51085879538e-05
8.58458143194e-05
3.49117783618e-05
9.6441651763e-05
8.05801012402e-05
9.25012322657e-05
8.8656640049e-05
9.30430298792e-05
7.84908756539e-05
9.37244762372e-05
9.591971805e-05
8.63480408653e-05
8.75328999326e-05
8.66709460489e-05
7.13951158346e-05
9.02418887837e-05
8.27910893931e-05
8.7559314382e-05
9.15638907726e-05
9.51305662376e-05
8.52307482897e-05
9.99937752409e-05
8.93339275616e-05
8.71172349608e-05
8.46261264407e-05
9.21560997684e-05
8.67986257808e-05
9.23344197476e-05
8.53637342079e-05
8.20243715072e-05
9.42765660793e-05
3.52999044803e-05
8.82701364519e-05
8.87707997271e-05
8.97317374161e-05
8.34424151429e-05
9.549297763e-05
9.66901247424e-05
9.1310157397e-05
9.22765883971e-05
9.13789892507e-05
8.1962674915e-05
9.35218065937e-05
8.66463961751e-05
7.72746266313e-05
8.40572880465e-05
7.90862541475e-05
8.69690211031e-05
9.45298270197e-05
9.78471034551e-05
7.99677769036e-05
9.13276736391e-05
9.02488085193e-05
9.78701562395e-05
8.95800461882e-05
8.5154405678e-05
7.37878911902e-05
8.89177879182e-05
9.96331345534e-05
7.85201954509e-05
8.70478481588e-05
9.06717044794e-05
9.59542887066e-05
8.40940858483e-05
8.98304106604e-05
8.99565188351e-05
0.000100218134618
9.73246567661e-05
8.78620807823e-05
