4.05205114045e-05
2.96814752689e-05
2.03981180267e-05
2.10191334738e-05
1.29813160862e-05
3.10443299587e-05
2.75558654137e-05
2.42160298232e-05
2.79848084162e-05
2.06582764631e-05
2.07469839156e-05
2.85156845462e-05
3.57435990579e-05
2.83350554347e-05
3.21709308316e-05
3.17247042414e-05
2.00990793166e-05
2.87413034634e-05
3.43587875242e-05
2.92209514015e-05
2.91370469665e-05
3.25813895646e-05
2.05492354373e-05
2.83719822791e-05
3.3520606832e-05
3.14488139332e-05
3.60857649683e-05
2.56322511742e-05
2.29888639096e-05
2.03285113565e-05
2.80853922658e-05
3.10983552818e-05
2.69836358216e-05
2.85988626484e-05
2.3100931447e-05
2.50159129747e-05
2.68494944501e-05
2.8796805826e-05
2.33402738215e-05
2.63209522247e-05
3.24530097446e-05
2.48696273386e-05
3.00281358858e-05
3.18008750055e-05
3.24185417763e-05
2.89061221577e-05
2.29465746823e-05
3.29263717333e-05
2.29774816204e-05
3.84452309085e-05
2.78061500776e-05
2.65762506923e-05
3.64238135375e-05
2.94740655054e-05
3.03537451514e-05
2.74256948219e-05
2.73713027954e-05
3.53841841931e-05
3.03708779112e-05
3.62596529825e-05
2.31848579097e-05
2.81387997008e-05
2.72456511792e-05
2.48628266672e-05
1.74122543746e-05
2.66776884584e-05
3.04695978144e-05
3.13221048635e-05
3.21353946112e-05
1.86310363359e-05
2.27932969121e-05
3.47232898118e-05
3.08208280331e-05
3.29055317304e-05
2.39703116828e-05
2.82859755524e-05
2.61124705382e-05
2.8057117261e-05
2.61846396431e-05
2.61206515659e-05
4.04274422254e-05
2.50753894748e-05
3.08782682154e-05
3.35190555953e-05
2.02711787387e-05
3.89115268711e-05
3.31460370089e-05
2.90278383289e-05
2.0793575932e-05
2.97633725148e-05
3.17964024682e-05
2.88586262836e-05
2.10170270285e-05
3.25824733687e-05
3.63025694985e-05
2.68412987835e-05
3.13300382627e-05
3.18707983714e-05
2.12034486372e-05
2.94407058335e-05
