8.26732998562e-06
8.98775832076e-06
9.85088564047e-06
8.55499761394e-06
8.49787665998e-06
8.36159961138e-06
8.90925055735e-06
9.00535916672e-06
8.65788826272e-06
9.06872279252e-06
9.14474284088e-06
5.02093690972e-06
8.78555139149e-06
9.59670649762e-06
8.42164963918e-06
9.03669802388e-06
9.35276549511e-06
8.63154294581e-06
9.87019922884e-06
7.96646326129e-06
9.10814643821e-06
8.92964849438e-06
8.60536240129e-06
8.85144408475e-06
8.37805475161e-06
8.70502380455e-06
8.90031081085e-06
9.07617960781e-06
9.06809802102e-06
8.95919808708e-06
9.99827621715e-06
9.26621612776e-06
9.06981220278e-06
9.1192786926e-06
7.80208110117e-06
8.77328198567e-06
8.83737770791e-06
8.45133920894e-06
8.21118381036e-06
9.68004259894e-06
9.05406777462e-06
7.95229066972e-06
8.78096675684e-06
1.00603258162e-05
8.32093740773e-06
9.9963200357e-06
9.20059066484e-06
7.76834896073e-06
9.32910401842e-06
7.80909430157e-06
9.14063658602e-06
8.70790718489e-06
8.82572127487e-06
8.64253481346e-06
6.6024949488e-06
8.99079760637e-06
9.63454947911e-06
9.85000148599e-06
9.50081049873e-06
9.24286709316e-06
8.96208323523e-06
9.59037867538e-06
3.74982123433e-06
8.68410519664e-06
9.10727410312e-06
8.70758708316e-06
8.85797378265e-06
9.69164324152e-06
9.51148089596e-06
8.41477508314e-06
8.53802966846e-06
9.04759241186e-06
8.87497824239e-06
9.23075103851e-06
5.86191091003e-06
9.29625554851e-06
8.84316992942e-06
9.49649498486e-06
9.24038496198e-06
9.24481801932e-06
8.97094860613e-06
9.01639816141e-06
7.41490915979e-06
9.35556665789e-06
8.14521477876e-06
9.59932921334e-06
9.04580008778e-06
8.91475219831e-06
9.77116564881e-06
9.81173614599e-06
8.97244940946e-06
7.90449495001e-06
8.67398805113e-06
8.66017543543e-06
9.75116433049e-06
8.7170493718e-06
9.0580167905e-06
8.27418448824e-06
8.7360984911e-06
8.14776534575e-06
