1.96144822833e-07
8.48315181819e-09
1.61303663115e-07
1.65686274037e-07
2.41124949879e-07
2.43059418007e-07
3.49188063681e-12
1.8959240776e-07
1.94738767803e-07
1.71259533387e-08
2.58117788601e-07
1.08427289084e-08
2.26948333234e-07
2.1315273419e-07
2.34742170484e-07
2.5193883895e-07
1.71684722065e-07
2.11470646598e-07
2.24458423299e-07
2.06912991163e-07
1.62634573291e-07
1.99608978374e-07
2.34096829859e-07
2.18667342143e-07
1.99981015354e-07
2.48217661908e-07
1.27275200698e-07
1.9718593944e-07
1.32511797637e-07
1.22547623105e-07
1.50012231449e-07
2.23642255793e-07
1.13511807626e-06
2.28717614034e-07
2.46777924508e-07
2.24636983423e-07
1.88525590875e-07
1.83083216866e-07
2.40937905873e-08
1.63432202458e-07
1.63511155727e-07
1.72950249187e-07
2.00981313646e-07
2.32773357278e-07
1.30888183351e-12
1.89300287601e-07
2.72939186449e-07
2.18970800045e-07
2.62480639356e-07
1.87353686268e-07
2.50385540576e-07
2.0752832067e-07
2.03565638875e-07
1.85743437186e-07
3.81214604183e-07
2.04806882598e-07
2.195805272e-07
2.06134801162e-07
4.20867670709e-08
1.89378451961e-07
2.05404458637e-07
2.5203249755e-07
2.23622090486e-07
1.94471011634e-07
5.32327985577e-09
2.79284143528e-07
2.25347402664e-07
2.2598128881e-07
2.4215780685e-07
5.2151335277e-08
2.69325405292e-07
4.16982519706e-07
1.82656976665e-08
1.53033311643e-07
2.31165369427e-07
2.02832769695e-07
2.55921627148e-07
2.00223955686e-07
2.19369367305e-07
2.33308931821e-07
2.5780798051e-07
2.06089292675e-07
1.89606566183e-07
3.67975152815e-09
2.44418066286e-07
1.50602622332e-07
1.68490368956e-07
1.65363701888e-09
1.09170232262e-06
1.91985096065e-07
2.62167339102e-07
1.86761744577e-07
4.49605543355e-07
2.32421727419e-07
2.24864310487e-07
2.16340879699e-07
2.36914518088e-07
2.28656709837e-07
1.31070120898e-07
2.15921649713e-07
