9.622638913e-05
7.76732048689e-05
7.66482413282e-05
7.89220994365e-05
7.83399729535e-05
8.20165441647e-05
8.57168155522e-05
6.79200500589e-05
7.06129263156e-05
9.74388573255e-05
3.75711756656e-05
9.83600126666e-05
8.02106119956e-05
0.000104326003535
7.99370441976e-05
8.24113450119e-05
7.741930681e-05
8.0604418524e-05
0.000115126601441
4.27642815702e-05
9.16509470819e-05
2.13756386857e-05
5.35954860774e-05
7.93960879224e-05
6.68215583099e-05
0.000127732308219
9.48846218026e-05
6.79384062737e-05
0.000101541054016
5.73928910934e-05
4.40057795399e-05
7.68802546008e-05
7.94191938011e-05
8.37067841435e-05
7.3445410289e-05
5.53502337143e-05
5.90961999335e-05
9.6810580568e-05
4.83001503612e-05
0.000119187729893
3.49171896822e-05
0.000109005760368
5.74236494936e-05
8.11248996215e-05
6.95172632131e-05
6.98825546628e-05
6.79594246625e-05
8.59964375679e-05
3.84442527067e-05
3.51715705971e-05
7.4017381636e-05
9.45290195365e-05
6.71027010622e-05
7.19557448027e-05
7.43897500178e-05
0.000104980854609
6.61710326579e-05
4.6414966502e-05
7.64755519711e-05
7.68011152398e-05
4.03850186513e-05
6.60519212141e-05
4.09205305658e-05
5.92628771159e-05
8.6573873774e-05
9.39876197339e-05
7.41579323047e-05
4.67618851595e-05
5.95308025808e-05
2.28447373421e-05
7.54722944331e-05
7.55416486185e-05
6.88593992602e-05
8.06072448619e-05
5.01826620523e-05
3.90163964245e-05
2.95491142255e-05
4.14287381352e-05
7.6839618487e-05
8.79543889974e-05
7.53883152809e-05
4.77326394602e-05
0.00011307150561
5.82497706362e-05
8.76987603513e-05
0.000100038092365
3.01586947126e-05
8.47209925118e-05
3.647735607e-05
9.1838945312e-05
8.20717505259e-05
9.61098089395e-05
8.94190034115e-05
7.61137229787e-05
8.54560275541e-05
9.67774996174e-05
0.000118509083855
8.84530351071e-05
5.82425887392e-05
3.43762473813e-05
