1.16477435846e-08
1.06117646973e-08
1.07405605137e-08
1.06619919715e-08
9.59100834906e-09
6.75831781662e-07
1.02736507772e-08
1.08984875914e-08
1.06448367433e-08
1.11673123328e-08
9.8630454768e-09
1.03269205242e-08
1.07706309846e-08
9.53246177955e-09
1.02357213006e-08
1.04873142931e-08
9.5489810957e-09
1.052099273e-08
9.83850991106e-09
1.1805879869e-08
1.00941098907e-08
1.03189736252e-08
1.01515828775e-08
8.5635905555e-09
1.22274823536e-08
1.06416340279e-08
9.95951265201e-09
1.09469653436e-08
1.11286563794e-08
1.15888592071e-08
1.02393999024e-08
1.00426528215e-08
9.82648197912e-09
1.0279339543e-08
1.02439116482e-08
1.08646863012e-08
5.97357458622e-07
1.07579599602e-08
1.06318574595e-08
1.1071802065e-08
1.0382108486e-08
9.43880765687e-09
1.04722226284e-08
1.01810148499e-08
1.15549929676e-08
1.18055424101e-08
1.16144317392e-08
1.16067385672e-08
1.09055455842e-08
1.13027184235e-08
9.45420651268e-09
1.02380757101e-08
1.11168008801e-08
1.03362214341e-08
9.75445932816e-09
1.17846186867e-08
9.58835534279e-09
1.09069751159e-08
1.11863474388e-08
1.05826393654e-08
1.07868987268e-08
1.03129984306e-08
1.03745626687e-08
9.07526660665e-09
1.07537916924e-08
1.0847345923e-08
1.08097023592e-08
1.12767937866e-08
1.02023873512e-08
7.93898000669e-09
1.14163215942e-08
9.36351452088e-09
1.08016936164e-08
1.09997071957e-08
1.00482167369e-08
1.09022894956e-08
1.11189805364e-08
1.05157981229e-08
6.61905086582e-07
1.06860099139e-08
1.00902108415e-08
9.33994985239e-09
9.75932228986e-09
1.02207016434e-08
1.23094439321e-08
1.08880514379e-08
1.01739581661e-08
9.83754833277e-09
1.03811174246e-08
1.02846116059e-08
1.10016489165e-08
1.08491553626e-08
1.04214971121e-08
1.12998581279e-08
1.07263797415e-08
8.42487135977e-09
9.94608202522e-09
