9.42685513099e-08
8.07178752505e-08
8.07363132898e-08
8.29506907002e-08
7.59281934512e-08
7.78259769388e-08
7.47496753584e-08
7.9058352333e-08
8.23693190465e-08
7.45291251754e-08
7.90501852701e-08
7.39493467481e-08
7.43186996245e-08
7.58650349496e-08
8.72749679532e-08
8.56440205153e-08
8.75731307332e-08
7.50053289866e-08
7.72973212881e-08
8.45448002879e-08
7.32507574073e-08
7.48043195741e-08
7.78386229858e-08
8.65936270622e-08
7.64253875924e-08
8.03165755862e-08
7.91397826912e-08
7.95119624666e-08
8.59422169365e-08
8.06183232097e-08
8.40266097044e-08
8.80190657628e-08
8.08119234869e-08
9.01954288527e-08
7.53738183914e-08
8.3332031408e-08
8.40207218928e-08
8.46805599599e-08
8.78549033063e-08
7.89466308056e-08
8.47267586501e-08
8.58880281579e-08
7.84979081144e-08
7.92150017539e-08
8.45895866202e-08
7.61370801374e-08
7.50647012551e-08
8.53051053708e-08
8.07427608265e-08
7.56539201794e-08
6.77535960926e-08
8.03229124981e-08
7.45862310287e-08
7.27934692169e-08
7.86790573872e-08
8.2408587075e-08
8.02773143407e-08
8.15659247862e-08
9.20166360985e-08
8.54334097402e-08
8.16614134816e-08
7.82296484034e-08
7.93839871187e-08
8.37929164014e-08
4.72177730356e-08
8.41287951147e-08
8.0062899299e-08
8.00335278886e-08
9.34048066577e-08
7.93078183184e-08
8.06847203093e-08
8.23495800402e-08
8.84219199155e-08
8.81335752597e-08
7.23985960042e-08
8.77962699823e-08
8.70689074524e-08
7.72870427281e-08
7.23158027996e-08
7.46918593117e-08
8.32410894046e-08
9.08802146841e-08
7.2695599761e-08
7.88030772514e-08
8.34062471698e-08
7.88907914485e-08
7.4837105127e-08
7.73534639747e-08
8.49512651129e-08
7.80890717818e-08
9.05747271093e-08
8.39611249216e-08
8.47585230497e-08
8.32306797394e-08
8.41951141782e-08
7.3484398506e-08
7.80526174088e-08
8.98451281561e-08
8.50606476527e-08
8.2507916169e-08
