1.12562106806e-05
1.00478560032e-05
9.99818852083e-06
9.77410106981e-06
9.66387451808e-06
1.08682063016e-05
1.04353650469e-05
9.97566593749e-06
1.03587417255e-05
1.05321696733e-05
1.03597873254e-05
1.01878350753e-05
1.11182690598e-05
1.03077525545e-05
1.1235076153e-05
1.04971714167e-05
1.0692826691e-05
9.32322034265e-06
1.16071026844e-05
9.30310254015e-06
0.000645185093317
9.84830682657e-06
1.05518284576e-05
1.03567266625e-05
1.12772409322e-05
1.07288304023e-05
1.13059410097e-05
0.000876842302417
9.95256483039e-06
1.08327695687e-05
1.00703919802e-05
1.1228941908e-05
1.07445104393e-05
1.02966340568e-05
1.11528746926e-05
1.00408707211e-05
9.96866779317e-06
1.00744011112e-05
1.04510184729e-05
1.16000244245e-05
8.84980148437e-06
9.16838558153e-06
1.17279949712e-05
1.00903863207e-05
1.0596206288e-05
1.23241008446e-05
9.71265069309e-06
0.000600950021316
1.14932147899e-05
9.6942338381e-06
9.44430174703e-06
9.62449020515e-06
1.09302463753e-05
1.01337689186e-05
1.06234407226e-05
1.02517165667e-05
1.16159469214e-05
1.00486342757e-05
1.12392779197e-05
1.03892063426e-05
1.12916714303e-05
1.12697506897e-05
1.1141565243e-05
1.01357555959e-05
1.04869612168e-05
1.07074504091e-05
1.14602874418e-05
9.39707137619e-06
1.04365368449e-05
0.000716284862951
1.09054426175e-05
9.53618750368e-06
9.84819647898e-06
1.08520296609e-05
1.07661810036e-05
1.07229773911e-05
1.08934701791e-05
0.000924782661814
1.10473991515e-05
1.02997704618e-05
1.05543174054e-05
0.000501810334423
9.35675535197e-06
0.00096184788491
1.10009473106e-05
1.11344411483e-05
1.10164986894e-05
9.99163723583e-06
1.06867389384e-05
9.92684227184e-06
1.08257306411e-05
8.85854161408e-06
1.08070625982e-05
9.39750737487e-06
1.11876448851e-05
1.08534721187e-05
1.00802484811e-05
1.11717011235e-05
1.11365585071e-05
9.7711762097e-06
