2.09435209603e-07
3.15741684069e-07
1.95936585176e-07
2.45718525397e-07
1.94028312114e-07
2.6165632806e-07
2.82104670904e-07
3.28151480496e-07
3.14365137021e-07
2.98956694412e-07
3.35017829481e-07
2.88332139396e-07
2.92873770781e-07
2.98860056901e-07
1.90117231154e-07
2.09279554401e-07
2.23488245468e-07
2.37564011492e-07
2.97596990399e-07
1.99032347684e-07
2.95415804504e-07
3.08758201081e-07
2.68877341612e-07
2.54172175673e-07
3.28165964424e-07
2.52713191838e-07
2.89054011907e-07
3.38842282458e-07
2.86657974749e-07
2.73716860507e-07
1.95381210008e-07
2.44659735134e-07
1.52384133763e-07
2.04636545055e-07
2.61917897207e-07
2.1905044557e-07
1.84230697575e-07
2.41525804945e-07
1.72815416399e-07
2.43701822874e-07
2.34982602113e-07
2.23122538944e-07
2.11837635067e-07
3.1179171038e-07
3.07533812384e-07
2.2097241965e-07
2.65315439982e-07
2.13695575803e-07
2.5176740448e-07
2.23454485557e-07
2.1022294642e-07
2.91087957734e-07
2.18522934622e-07
2.434272461e-07
2.65817216594e-07
2.74044778244e-07
2.00945839723e-07
2.48335061501e-07
3.47347970958e-07
2.29233173712e-07
3.16254122454e-07
2.97732453942e-07
3.52597456482e-07
3.32034588315e-07
2.74968088897e-07
2.57265612987e-07
2.665483827e-07
2.84458690003e-07
2.50857430234e-07
2.52596976904e-07
2.24494110377e-07
2.71517158622e-07
1.67050447837e-07
2.11946751626e-07
2.32177021415e-07
2.0477651174e-07
2.45204000692e-07
2.3940473789e-07
2.04714154148e-07
2.01101695853e-07
2.76599735937e-07
2.97036707334e-07
2.3058553804e-07
2.66686825056e-07
3.01170017575e-07
1.69184358635e-07
1.99361554979e-07
1.90169656158e-07
2.30702732202e-07
2.3824714184e-07
2.69988189485e-07
2.36716303571e-07
1.71515793313e-07
2.87637420057e-07
2.49512230147e-07
1.77172149921e-07
2.53822745541e-07
2.53796412644e-07
1.70613936524e-07
3.12733466865e-07
