1.43646717741e-11
8.96067535463e-07
1.57530665558e-06
1.78959896782e-06
6.30982394341e-07
2.43344110442e-06
1.52766231469e-07
2.18902933497e-06
8.56371471199e-07
2.42575777305e-06
4.84981390701e-07
2.55070323431e-06
2.52261366567e-06
3.45477430619e-07
4.44330744091e-12
2.08751952146e-06
2.33016920424e-06
2.31185161828e-06
2.08483506756e-06
3.26369140365e-07
2.03306990968e-06
1.76951599335e-07
2.0474543825e-06
2.47065494659e-06
1.88874857216e-06
2.16494106317e-06
8.58721282933e-07
5.10749651732e-08
1.26959754841e-06
1.04963891247e-06
2.3575201573e-06
4.05306606814e-08
2.42284462123e-06
3.04942037715e-06
5.99396316851e-07
5.21598034199e-07
5.97686052995e-06
2.78518841106e-06
8.07631448432e-08
1.86842022612e-06
2.02391432959e-06
1.33333646646e-06
1.98530606839e-06
2.06199489602e-06
1.1332265779e-07
1.82522262094e-06
1.75770075365e-06
1.4208516139e-06
2.61081652854e-12
2.24090417243e-06
5.60109831005e-08
1.10776354979e-06
2.30089446778e-06
1.14714401791e-06
2.15997402377e-06
8.87125494965e-07
4.5201676278e-07
2.66911353865e-10
1.82076523382e-11
1.89128757623e-06
1.39266668757e-06
8.4973116844e-07
1.69539874697e-06
7.80797443243e-07
1.99731504844e-06
2.01108437961e-06
2.8190935631e-07
6.03329621176e-06
1.54866427245e-06
3.91436886729e-06
3.73671561709e-06
1.97741283555e-06
1.80741026028e-08
1.49151545783e-06
7.71102494752e-07
2.02465891257e-08
4.48117956139e-07
3.94708985181e-06
2.30446244043e-06
1.91308710653e-06
9.18901859005e-07
5.43383638551e-07
2.58287881979e-06
2.37811367747e-11
1.86385667438e-06
5.05512857425e-06
1.84899707864e-09
1.85711365028e-06
2.00576800362e-06
7.0964197574e-07
1.04888605013e-07
2.17294546208e-06
2.87995501284e-06
2.11942710233e-06
4.739980044e-13
2.96492051738e-06
3.23280358458e-06
1.7626682745e-06
3.32282874187e-07
2.10942455983e-06
