8.800581329e-08
9.02955676893e-08
8.69415796011e-08
8.48145847654e-08
9.13406315112e-08
9.88854313288e-08
9.34057757675e-08
9.46842086705e-08
8.33949573808e-08
9.349082811e-08
8.76481410724e-08
3.69125164714e-08
8.69978950922e-08
9.32217147832e-08
9.54845133078e-08
8.95058399463e-08
8.517182317e-08
9.55699112152e-08
9.10284910207e-08
1.00018929756e-07
8.47002643575e-08
7.88168919599e-08
8.51106992901e-08
9.10548836549e-08
9.09725521795e-08
8.8028489501e-08
9.35308901821e-08
1.00280310224e-07
8.69590485563e-08
8.07230411623e-08
8.20691951457e-08
9.42954075537e-08
1.05455740166e-07
6.1397956015e-08
9.26329477782e-08
9.4014081955e-08
9.37918184933e-08
8.90058367483e-08
1.02206430986e-07
9.19901245528e-08
9.07577387377e-08
8.94263033397e-08
9.132061465e-08
9.76436241653e-08
8.51434902516e-08
7.98391921587e-08
8.91886318064e-08
8.72453609484e-08
8.9077582531e-08
8.60298394212e-08
8.50792471689e-08
9.62121010955e-08
9.26194217924e-08
9.41938563537e-08
5.24977810414e-08
8.66922048787e-08
7.97080574126e-08
9.42877550174e-08
8.28155027246e-08
9.08018815333e-08
9.44012907454e-08
9.32796582242e-08
3.69565741322e-08
8.57441887586e-08
9.7306316714e-08
8.0989433792e-08
9.63338237642e-08
9.59463424395e-08
9.24144340147e-08
8.77363363615e-08
8.02748855183e-08
9.5439818236e-08
9.02648494781e-08
8.91961490134e-08
8.99318252314e-08
7.78312997595e-08
8.88962285962e-08
9.57411419829e-08
9.06381979492e-08
8.41127766903e-08
8.77841828557e-08
9.07475004775e-08
9.44521361821e-08
8.69736967625e-08
8.9366455838e-08
8.42666592982e-08
8.7814626179e-08
8.7796797298e-08
8.33544172672e-08
9.0697104193e-08
9.26757779626e-08
9.36602111167e-08
8.06432755195e-08
9.71104818093e-08
9.12592297231e-08
9.21708032245e-08
8.39548774115e-08
9.54033871442e-08
9.55026228133e-08
9.81115219066e-08
