7.92638204204e-07
9.32854827705e-07
9.56723455516e-07
9.31450412099e-07
9.42082033082e-07
9.13885557584e-07
8.56619875273e-07
9.42869920261e-07
8.46072942947e-07
8.83702429358e-07
9.64947716449e-07
4.26337234946e-07
9.57277007273e-07
8.33053817928e-07
8.25495986578e-07
8.38603787265e-07
8.49956416279e-07
8.43647132977e-07
9.29777028779e-07
9.11279325342e-07
9.42215208508e-07
9.5497343305e-07
8.09574512073e-07
9.14053285153e-07
8.77605835563e-07
9.12441718624e-07
9.08912598883e-07
9.45232784873e-07
9.35230624486e-07
9.10363468289e-07
9.01685421552e-07
9.27080504416e-07
9.21008451376e-07
3.95953968287e-07
9.64577980003e-07
9.292509512e-07
9.631503488e-07
8.64170018128e-07
9.77008877459e-07
8.59004253376e-07
8.54236523035e-07
8.43617632274e-07
9.88188140658e-07
8.73251093298e-07
9.0414475465e-07
8.71802218889e-07
8.36715212851e-07
1.04522453179e-06
8.20579529807e-07
7.83237599368e-07
8.76790569421e-07
9.33345519406e-07
9.49648140558e-07
9.1695525657e-07
6.14589126879e-07
9.86420209409e-07
1.00463374081e-06
9.25394178188e-07
8.51833953667e-07
9.59665532332e-07
9.91713267432e-07
8.44247870907e-07
5.187765434e-07
9.79722442978e-07
7.40395445342e-07
9.1349121775e-07
8.62283006793e-07
7.85303613994e-07
9.6143732635e-07
1.02502083138e-06
9.45117009731e-07
8.24107799693e-07
8.46753807624e-07
9.44542343461e-07
6.93693281014e-07
9.82273453753e-07
8.1991167279e-07
8.72594382312e-07
9.66945768763e-07
8.85468139317e-07
8.0912457223e-07
9.52599564116e-07
8.81975616092e-07
9.0331507875e-07
9.15539364472e-07
8.31930113531e-07
9.97931602789e-07
8.87775663645e-07
8.83105725403e-07
8.92679540883e-07
9.6522874777e-07
9.70385904654e-07
8.71725319322e-07
9.62876524531e-07
9.29295146713e-07
9.10786969898e-07
9.16085353486e-07
9.51889380377e-07
9.9194798017e-07
8.2674130782e-07
