7.71254326221e-09
8.08507802215e-09
7.84480326788e-09
7.94700310878e-09
7.23802705874e-09
6.69312648969e-09
7.81587453551e-09
8.13014259351e-09
8.22026911989e-09
7.55720195506e-09
8.08527835375e-09
6.92179754671e-09
7.79038059477e-09
8.14889306351e-09
7.53876193869e-09
7.84694255518e-09
7.98180189637e-09
8.04004964702e-09
7.29618473596e-09
7.15339312588e-09
8.54731998774e-09
8.55252912177e-09
7.66527904978e-09
7.12058873221e-09
7.6611364079e-09
8.01979475547e-09
8.1035107784e-09
6.92469825461e-09
8.05636851492e-09
8.05861608106e-09
8.69900043615e-09
7.66540041726e-09
8.06189206645e-09
8.32720484301e-09
7.185841366e-09
6.88285494621e-09
7.97233064492e-09
8.41463479567e-09
7.37964389414e-09
8.24957291829e-09
7.85064892569e-09
7.52877544916e-09
8.1399529127e-09
7.41022482343e-09
8.05949678179e-09
8.47388043374e-09
6.97472112379e-09
7.89227636412e-09
7.78325039522e-09
8.77253800657e-09
7.71470154228e-09
8.05621013049e-09
7.28543063363e-09
8.01536821278e-09
7.08287197404e-09
7.91570718908e-09
8.59457654388e-09
7.01865595789e-09
7.07642066229e-09
7.87029289312e-09
7.45928613561e-09
7.90561452068e-09
8.23950379816e-09
7.1603483781e-09
8.32565130376e-09
8.54109128741e-09
7.36953195727e-09
7.80236835363e-09
7.71443215301e-09
7.37249025175e-09
8.04186807518e-09
7.98188873842e-09
7.31919632902e-09
8.1466617192e-09
7.48309992665e-09
7.87008979458e-09
8.57577566617e-09
7.65774972486e-09
7.21876134238e-09
7.93949212717e-09
7.30504200818e-09
8.64682581038e-09
7.92298434937e-09
9.12497343162e-09
7.86108400467e-09
6.6378083898e-09
7.5528391046e-09
7.80082395309e-09
7.3637880422e-09
6.56453812638e-09
7.54673037739e-09
8.43274528116e-09
7.77358689513e-09
8.55708037392e-09
8.12214297154e-09
7.54149728125e-09
7.38572771409e-09
7.44290012203e-09
8.00330490266e-09
8.40323273592e-09
