0.000118802588646
8.16414716725e-05
0.000144195593371
0.000119628231716
9.12310260586e-05
0.000144532955648
0.000170048266059
9.48483017828e-05
0.000124832104029
0.000137434378974
5.8819162638e-05
0.000129850800774
1.90560073109e-05
0.000117574944065
0.000104808607588
8.67218401718e-05
0.000214849388922
9.45848692876e-05
9.50340402285e-05
0.000103597421925
0.000117356295345
5.7266489978e-05
6.7845288474e-05
0.000115841462353
0.000103124421135
0.000204954164833
0.000121783992926
0.00015164981902
0.00022344514315
7.59258144008e-05
6.11607053962e-05
8.90587175413e-05
9.01187350173e-05
5.5621329644e-05
7.14404712735e-05
9.14847378705e-05
0.000138764593626
0.000141319199059
0.000123489515995
0.000130716846007
6.99922223997e-05
9.42441415494e-05
7.73534403261e-05
0.00017876644113
4.02622836833e-05
0.000140356950578
0.000204060844338
4.76282313498e-05
6.71948547865e-05
5.73790992155e-05
0.000110499445793
8.76336838598e-05
9.50200035432e-05
4.56311380926e-05
8.42690601755e-05
0.000120440591846
0.000120607045528
6.8242045052e-05
0.00018722921212
9.22012661061e-05
5.78397905968e-05
0.000119430950453
6.03778247539e-05
0.000104292969151
6.41305795019e-05
0.00013912107594
0.000111684602335
2.67791606406e-05
0.000145550567701
6.44600152578e-05
7.40618525832e-05
0.000158247178807
7.1854668938e-05
9.1329954185e-05
8.83693861843e-05
0.000102498483699
6.63881420561e-05
8.89306691141e-05
0.000147750865148
9.40221130326e-05
0.00014647437261
4.396812367e-05
0.000217872277892
5.75049233143e-05
0.000118631139175
0.000229062010243
9.50812923018e-05
8.6268818211e-05
7.57629462985e-05
0.000143822538491
9.40447408009e-05
7.59702450909e-05
0.000126751158804
0.000131772915344
0.000153329669541
3.9521996159e-05
0.000128553758815
0.000103552643469
5.66137212385e-05
8.80032876843e-05
