0.000102206852648
0.000110777928652
8.73548669822e-05
0.000109564478733
8.78714180217e-05
9.67284380614e-05
0.00435816524036
0.000104113184028
0.000114631363879
0.000110906117155
0.007082527522
0.00886209629227
0.000106347100823
0.000106978121261
0.000102172977149
0.000113937180644
0.000118264621331
0.000114273426626
0.000102872334872
9.16558789478e-05
0.000111988927804
0.000103682839195
0.000117357271094
0.000102023357858
9.21618198819e-05
0.000106050215379
0.00114938006609
8.96404797566e-05
0.000116693605977
0.000103763429778
0.000113259927468
0.000103749169825
0.000107194239098
0.000104620219666
0.00773918703465
9.90817339532e-05
9.90975405343e-05
0.000104943072444
0.000100157281426
9.74654479437e-05
0.000100936806563
9.8670322771e-05
9.78926227517e-05
0.000104401539562
0.000103652954209
0.000110036636118
0.000109014368163
0.000103617761171
0.000109017000826
0.00010533840112
8.96982798452e-05
0.000109313289284
0.000103516194071
9.40431313948e-05
9.96721280218e-05
0.00787623564642
0.000101318423889
9.63466886561e-05
0.000107755652498
0.000112502228178
0.00010376051292
0.000111307629703
0.000102652219351
0.00621665760827
9.50799088894e-05
9.42579837016e-05
9.83206291218e-05
0.000115262063821
0.000112869389754
9.81729401557e-05
0.000117853495225
0.000101604132965
0.000110631588938
0.00011343030889
9.63262724878e-05
0.000100697050077
9.66137954239e-05
9.90631597676e-05
0.000105721844663
0.000103467679555
0.000103478455547
0.000111870373144
9.51011941189e-05
0.000119554428013
0.000109129612143
0.00568496674184
0.000115463385651
0.000108975166439
0.000109194605425
0.00573439171041
0.000119638881622
0.00866413198061
0.000114496055331
0.000110223797109
0.000112881651971
9.41630153272e-05
0.000106205051635
0.000116547405233
0.00010518479567
0.000104039587742
