1.04066743723e-06
1.03304934333e-06
1.0968363746e-06
1.06859195617e-06
1.13644710579e-06
9.23129870324e-07
1.02555225487e-06
1.04287553582e-06
1.05836686567e-06
1.06268743103e-06
1.07011804366e-06
1.01346863e-06
1.03428132553e-06
1.09015006717e-06
1.0643005513e-06
1.08371960918e-06
6.65591813162e-05
1.20589794661e-06
1.77929756838e-06
1.08385874644e-06
9.16573446958e-07
8.97394216207e-07
1.01019073413e-06
1.01019111224e-06
1.00052990785e-06
1.16198029598e-06
1.10102520224e-06
1.64833326885e-06
7.87539116936e-05
1.2099368656e-06
1.09155832841e-06
1.02053710716e-06
1.09847735278e-06
1.01157363947e-06
9.90630143465e-07
6.4068268074e-05
1.07899681472e-06
1.00646716333e-06
9.03331242867e-07
1.08604125044e-06
1.05087778354e-06
1.22722819229e-06
9.78295858109e-07
1.09756551284e-06
1.18937995941e-06
1.16125939884e-06
1.05706719034e-06
1.14033191917e-06
1.08156221582e-06
1.0449041295e-06
1.04701668857e-06
1.05209342995e-06
1.1169432301e-06
1.03587296246e-06
1.03875606934e-06
1.01652455049e-06
1.05224888065e-06
1.23385356768e-06
9.92324672799e-07
1.23876740826e-06
1.07985074373e-06
1.08443391002e-06
1.12887498292e-06
7.49607946306e-05
1.10097990327e-06
9.72924991439e-07
9.91659007694e-07
1.08741907402e-06
1.09348055765e-06
1.10758467835e-06
1.06034272852e-06
9.36438395016e-07
8.63211001949e-05
1.1020879026e-06
1.03571936618e-06
9.26417581691e-07
1.05571261559e-06
9.67792557042e-07
1.00628133591e-06
1.07256461849e-06
1.08289225769e-06
1.04801254665e-06
1.12813371808e-06
1.19807678126e-06
9.24716065754e-07
1.29308059451e-06
1.07661121468e-06
1.00557103636e-06
1.53857834315e-06
1.09074566602e-06
9.66708825162e-07
1.01941536961e-06
1.08521895134e-06
9.71753195139e-06
1.03988498293e-06
1.48860160911e-06
1.46450066967e-06
1.04647787056e-06
9.45461482317e-07
1.07806871548e-06
