1.95144039902e-07
2.28536097108e-07
2.33154353397e-07
2.26090148285e-07
1.790030255e-07
1.99198167392e-07
1.91051593388e-07
1.17910720529e-07
2.99211019441e-08
1.43417114891e-06
1.51012885998e-07
2.08626926777e-07
2.60250815897e-07
5.78410619179e-07
7.42169548247e-07
2.12009541684e-07
3.28826817767e-08
1.01487630146e-07
8.65545099452e-08
2.04076178937e-07
1.94698398309e-07
8.37481688366e-07
1.56587566977e-07
2.80145608824e-08
2.32383534755e-07
4.40946247257e-07
4.39688078562e-07
2.12965509944e-06
2.28808449559e-07
8.56917462395e-07
2.494061322e-07
1.78969556551e-07
1.85445558908e-07
2.35789403565e-07
6.36296368319e-07
1.08445131707e-06
1.1266774399e-06
1.35889691251e-06
1.39884520151e-07
2.18451205588e-07
1.88206949149e-07
2.42841479593e-07
1.46155128914e-07
1.12548486517e-06
1.99884256559e-07
1.88342386057e-07
1.13164272811e-07
1.18888767226e-06
2.27176162193e-07
1.94530419858e-07
1.12141786387e-07
1.96743168505e-07
2.45125579819e-07
2.35550355038e-07
2.01271968548e-07
1.06014718565e-07
2.60728998043e-07
3.15666405803e-07
5.04742812492e-07
3.67985076174e-07
2.41034817616e-07
1.70981204927e-06
1.87845379948e-07
9.6850283016e-07
2.55258867758e-07
2.07766674723e-07
1.18669051683e-07
1.72716408252e-07
1.17677289679e-06
6.54278604007e-07
1.20142313102e-06
1.94430096792e-07
2.82381160096e-09
1.17188090534e-06
3.68021907664e-07
8.22272120034e-08
1.08582871018e-06
9.03136923518e-07
1.97078454127e-07
1.45130291856e-07
4.60011756496e-07
1.18701345723e-06
1.20930473743e-06
7.31970233723e-09
2.12471828888e-07
4.83720212276e-07
6.05360682095e-07
1.89746224159e-06
7.36527303934e-07
5.12008044655e-08
1.13811339493e-06
1.7840081181e-07
4.18947085432e-07
1.50851746129e-06
4.73003293349e-07
7.16027731079e-07
1.08228651634e-06
2.51465134833e-07
1.47156027354e-07
1.14067724181e-06
