3.41268851554e-07
2.14300342175e-07
4.91356775952e-08
2.17401914922e-07
2.67042458347e-07
9.99160220125e-08
2.4184952828e-07
1.11805558566e-07
3.23940353956e-07
2.94365334433e-07
1.13038563734e-07
3.04979924504e-07
6.23406078803e-07
1.4616885378e-07
1.97378888668e-07
9.88996690781e-08
2.67687923137e-07
2.09729546511e-07
6.24584972927e-07
3.12006406799e-07
2.2866803043e-08
7.78619329014e-07
3.25440193124e-07
3.40183284307e-07
5.11748070028e-07
3.07480669426e-07
4.48247092223e-07
5.0742783013e-07
3.26473453758e-07
6.36809381703e-07
2.95553698822e-07
1.36540322582e-07
2.26070860683e-07
1.36880005889e-07
6.07948721436e-08
3.17288341142e-07
4.70371378988e-07
1.92883857951e-07
3.06230885249e-07
4.11992031905e-07
4.02792831951e-07
3.03606010973e-07
1.38884349264e-07
6.34298575529e-07
3.84002674136e-07
3.16653423642e-07
1.18975671539e-07
4.12154751074e-07
4.16811371086e-07
4.24486037496e-07
2.0811908072e-08
5.18668925708e-07
1.4696731501e-07
5.03246418848e-07
2.23384822881e-07
6.68848517469e-07
2.93017251461e-07
3.50340295718e-07
4.2599571416e-07
4.95386375581e-07
1.73010330229e-07
2.32176172466e-07
2.16773690727e-07
3.5547016272e-07
3.00709442258e-07
1.15370852207e-07
4.0500891192e-07
9.08210561568e-08
2.16129156618e-07
5.96544070627e-08
3.70449882325e-07
8.92234138011e-08
4.69685882557e-08
5.10585431049e-07
1.59026073529e-07
3.17182500777e-07
6.75121960462e-07
1.78048819395e-07
3.16775778455e-07
2.99029758842e-07
4.14776522492e-07
2.96609117951e-07
4.11191881631e-07
2.31815035497e-07
5.74956313296e-07
1.67132332388e-07
3.06982242406e-07
2.38824706427e-07
2.0884497127e-07
4.17862637712e-07
3.05390236371e-07
3.10613774596e-07
3.32813050141e-07
4.99150583931e-07
3.43468606175e-07
1.50854758748e-07
2.04372091886e-07
2.23916350449e-07
2.20503351517e-07
1.42883716452e-07
