2.19315349135e-08
3.22147657469e-08
3.94055368925e-08
3.02346038487e-08
3.22229279527e-08
3.05760649613e-08
1.14476753858e-08
2.06786104175e-08
2.37435329337e-08
5.24110866805e-08
4.10514825015e-08
2.98883430846e-08
2.16066415119e-08
6.17520948891e-08
2.06118060893e-08
3.33395005051e-08
2.0386809767e-08
4.00244039503e-08
1.11817930613e-08
2.03157851291e-08
3.12736585398e-08
4.2352705844e-08
2.96504394464e-08
3.1008509662e-08
6.05063363954e-08
2.09262441607e-08
4.13612943786e-08
1.17007142036e-09
2.17631568477e-08
5.04238774311e-08
2.02765369968e-08
5.01983912927e-08
3.24547026316e-08
4.29366718351e-08
2.90548206793e-08
5.02396246056e-08
4.25281112735e-08
9.89913756104e-09
3.96017447472e-08
1.1435004976e-08
4.69343273119e-08
3.07588099558e-08
5.05650602568e-08
3.05449869998e-08
6.13171134788e-08
4.22453811148e-08
4.00556830917e-08
2.15993693001e-09
5.27976490271e-08
4.1100483571e-08
4.13761487856e-08
3.86549741877e-08
5.12268436084e-08
6.86668682843e-08
1.15905275228e-08
1.17316157335e-08
4.12264294375e-08
1.17023234663e-08
2.04305878638e-08
2.03801852985e-08
2.15899992526e-08
8.67400211364e-10
5.20554979719e-08
3.11606137725e-08
4.09413348503e-08
4.43782816925e-08
1.18124815899e-08
2.16228270936e-09
4.57268582426e-08
3.16960605456e-08
2.53136645731e-08
2.31510251151e-08
2.53612703328e-08
5.13969014116e-08
6.46506754954e-08
3.08592120567e-08
2.8773628024e-08
3.14076703856e-08
1.09477935704e-08
3.23188341976e-08
3.84344378753e-08
1.26328511816e-08
3.13895217395e-08
3.24622939709e-08
1.70846368165e-08
2.05670842154e-08
2.09603563692e-09
1.16588642891e-08
2.049328249e-08
2.01948547232e-08
3.06096801467e-08
2.95646750529e-08
4.05925179102e-08
2.93229864959e-08
5.03162840012e-08
2.18987085641e-08
4.70824228263e-08
5.92494021606e-08
1.99908765126e-08
5.14227611075e-08
