7.22592264014e-08
7.01454511287e-08
7.87662055385e-08
6.9118265466e-08
7.75764154683e-08
7.69371778337e-08
7.65139917335e-08
7.98049129567e-08
7.9389228455e-08
8.08404094615e-08
7.14370631605e-08
7.90634421687e-08
8.30247254875e-08
8.50605466907e-08
8.66197509654e-08
7.86709491966e-08
7.99615918328e-08
8.43693255354e-08
9.13013203158e-08
8.62921535166e-08
7.79058021395e-08
8.34552174279e-08
6.62323198252e-08
8.40122892185e-08
7.0188215698e-08
8.32497639467e-08
8.16610223668e-08
7.71672431272e-08
8.49479751405e-08
6.95901090516e-08
7.91810624299e-08
8.30657900506e-08
8.51986257573e-08
8.00192358235e-08
8.10555160899e-08
8.40384575956e-08
7.78434628547e-08
8.683356968e-08
6.82023644359e-08
8.12280475869e-08
8.4603406885e-08
7.60350162117e-08
7.39641690702e-08
8.48342579505e-08
8.80379949235e-08
7.71638919453e-08
7.17109276862e-08
7.85533603779e-08
7.79170633823e-08
7.96846244187e-08
7.8996009192e-08
8.35698470513e-08
7.89824058874e-08
8.36011436988e-08
7.78068356632e-08
8.42625407552e-08
7.03990671741e-08
8.72375418392e-08
7.67336977149e-08
8.07658542128e-08
8.36024693967e-08
7.33192385707e-08
8.62068887223e-08
7.32430435525e-08
8.13219892064e-08
7.97134028199e-08
7.67636196358e-08
8.61104864795e-08
7.26064200687e-08
7.60037128251e-08
8.33143322899e-08
8.23512438261e-08
7.2477450319e-08
7.54099379176e-08
9.0623853319e-08
8.41900497734e-08
8.58544732775e-08
8.55257823539e-08
8.40046641673e-08
8.87075041965e-08
7.47876482329e-08
8.52831554116e-08
8.0003276244e-08
7.05770565832e-08
7.38179889572e-08
7.36863282602e-08
8.05131947361e-08
8.58419711814e-08
7.46225065578e-08
7.55899194329e-08
7.72691468062e-08
8.09782586021e-08
8.25322155673e-08
8.55028989748e-08
7.88771171597e-08
7.52934644703e-08
8.30946508014e-08
8.02563345997e-08
8.33174991942e-08
7.46643521557e-08
