2.56935091798e-06
2.34056724536e-06
2.95990710851e-06
3.11208726187e-06
2.56497198228e-06
2.19021458958e-06
1.91109063627e-06
2.46141528595e-06
1.95180455294e-06
1.72634039786e-06
1.99636524787e-06
2.40182612215e-06
3.15134432622e-06
2.85015274674e-06
2.79196596679e-06
2.84012558365e-06
1.60523774597e-06
3.21238136558e-06
2.56253643884e-06
3.16661510408e-06
2.52995683077e-06
2.62771676912e-06
2.85221694172e-06
3.65510462772e-06
2.42674748241e-06
1.43813745243e-06
2.3896773685e-06
2.08514526016e-06
2.56516635704e-06
2.2611993172e-06
2.02334761658e-06
3.10736270148e-06
2.30919772522e-06
2.91353161764e-06
3.07938141888e-06
1.40930341238e-06
1.72434132032e-06
2.22662727438e-06
2.17245013632e-06
2.67550297451e-06
2.93933401331e-06
2.79531314985e-06
3.08747593898e-06
2.71058918083e-06
3.02567780145e-06
1.73970355471e-06
2.94107368784e-06
2.87795632193e-06
2.28183500697e-06
1.85567002745e-06
3.10493449546e-06
2.51456376426e-06
2.86559423666e-06
2.62151656165e-06
1.82859105042e-06
2.31807858456e-06
2.32426989257e-06
2.92376325672e-06
2.08730013187e-06
2.11174630612e-06
2.63075672521e-06
2.21449102179e-06
2.85573123735e-06
1.80170781875e-06
2.35818829191e-06
3.11565933059e-06
3.12630648743e-06
2.6362732708e-06
2.54539036574e-06
3.55837534992e-06
1.829532481e-06
2.65586984564e-06
2.35066744916e-06
2.33454112165e-06
2.8567110885e-06
2.09597772126e-06
3.13906142038e-06
2.18044109974e-06
2.68371992239e-06
2.33172921547e-06
2.41804579356e-06
2.57463070485e-06
3.074042619e-06
2.85077726973e-06
2.82318414738e-06
2.50943212791e-06
2.79799690605e-06
2.2929783233e-06
2.25875944053e-06
2.22479881433e-06
2.62187526344e-06
2.00879831347e-06
2.38766083744e-06
1.87094171428e-06
3.04231474799e-06
2.77336758274e-06
3.25105787892e-06
2.78373451209e-06
2.84883012353e-06
2.45271547436e-06
