1.72844303806e-08
2.25201122524e-08
1.89198837037e-08
1.16040960746e-07
2.2249025689e-08
2.13829935043e-08
2.21675480108e-08
1.9584619332e-08
1.88350350484e-08
1.19665542713e-07
1.5445035874e-08
1.93866701905e-08
1.806462803e-08
2.04142413304e-08
2.56663393602e-08
2.05187881022e-08
2.28786408313e-08
1.17341412972e-07
2.1212109045e-08
1.44602579854e-08
2.64718187351e-08
1.09856526979e-07
2.02093874217e-08
1.26676604096e-10
2.45353064751e-08
2.20251522136e-08
1.93876137596e-08
2.10746612119e-08
2.1277939779e-08
3.1404321511e-11
2.28118608987e-08
1.14097601183e-07
1.21615254517e-07
1.15172373647e-07
2.09373870442e-08
1.77259142964e-07
1.21748170998e-07
9.75563218044e-09
1.09810283114e-07
1.95928119864e-08
1.98081343313e-08
2.05279824849e-08
2.29147589134e-08
2.11175164495e-08
1.0890383748e-07
2.31816781492e-08
2.3750275233e-08
2.04905572066e-08
2.11467259675e-08
2.03660059394e-08
2.19236668179e-08
1.13665473735e-07
1.80536838573e-08
1.14292569595e-07
2.48399420716e-08
2.4875928315e-08
2.21210531753e-07
5.16005641493e-09
2.08795456991e-08
2.12334186224e-08
1.81170723853e-08
2.32608267914e-08
1.06709410237e-07
1.06311424544e-07
2.16695202532e-08
2.40485874073e-08
2.32740446694e-08
2.03997720741e-08
3.03990198619e-07
1.4607715947e-08
5.65833039797e-08
4.7787877427e-09
5.18007764475e-08
1.0215673208e-08
2.22321501651e-08
1.83742631552e-08
1.84125578584e-08
2.14282054006e-08
8.25002328396e-09
1.98864335918e-08
2.01253641343e-08
1.87352777363e-08
6.97296808914e-08
2.04643116855e-08
2.49768557258e-08
2.19307880666e-08
1.88322755495e-08
2.0243659976e-08
1.51366084187e-07
1.73841066653e-08
1.70983864436e-08
2.2050925005e-08
1.90085690859e-07
2.21715931983e-08
1.90771603893e-08
2.33027651867e-08
2.30279600036e-08
1.18019724819e-07
1.92950527823e-08
9.78426668595e-08
