2.02836985495e-06
1.6357055178e-07
1.19648023254e-06
1.96318956328e-06
1.90566983654e-06
2.08552982545e-06
2.10195259913e-06
1.94264358811e-06
2.06199331113e-06
4.61622227553e-07
1.63640031761e-06
9.28571549406e-08
1.78357368147e-06
1.06655801191e-07
7.45820653641e-24
2.25683920076e-06
1.9786899138e-06
1.30673718356e-06
1.99926239909e-06
3.11422587057e-07
1.85622725833e-06
2.12669210368e-06
2.21979956367e-06
2.1170772791e-12
2.08524569585e-06
9.52535502454e-12
2.10944353543e-06
2.40375829644e-07
4.79739699386e-07
2.181992528e-06
5.96959979887e-07
1.23792303192e-06
4.14133759011e-07
6.4565460326e-07
2.0201458096e-06
5.65339348867e-09
2.45026714483e-06
1.43401336055e-07
2.13573838535e-06
6.17275749869e-08
4.183705948e-11
1.8809015295e-06
1.72780901059e-07
1.58142414861e-08
7.81722171106e-09
2.20177632034e-06
2.35502853848e-06
1.89779555792e-06
1.91743064081e-06
2.22936966276e-06
1.76028178171e-06
1.95313690967e-06
2.03623127276e-06
1.94973406705e-06
1.61578353417e-06
2.11715193377e-06
1.98047582935e-06
1.94001797115e-06
3.23250110461e-07
1.45533669784e-06
1.03117618603e-08
8.17792896023e-08
1.1581492828e-06
1.97642432371e-06
3.37316761211e-07
2.02331355596e-06
2.04764231766e-06
1.10833743887e-06
6.30074483419e-09
2.03583823644e-06
1.86383929281e-06
1.11837576535e-10
1.43262336589e-06
2.19306856807e-06
1.72248042176e-06
5.93387877202e-07
2.20030877895e-06
2.3839904328e-06
4.92085057914e-08
1.08918677411e-06
2.22186327136e-06
1.98108200375e-06
2.02402667712e-06
1.49044069597e-06
1.86617620612e-06
9.83147361009e-07
4.10418731426e-09
2.10100685185e-06
2.57560244065e-06
2.41047220902e-06
3.21482687865e-07
1.89180402348e-06
7.14993724314e-06
1.848297241e-06
4.57433969023e-07
1.81428499799e-06
8.49681656523e-08
8.61824620799e-16
7.62589055009e-07
1.18924139622e-09
