8.9943020504e-09
8.78568346506e-09
9.03031106916e-09
1.08190310878e-08
8.30222033983e-09
9.59734341164e-09
7.50988863271e-09
9.74018421841e-09
8.14360222783e-09
8.75742987906e-09
9.21629122494e-09
4.10349056532e-09
9.07538373697e-09
9.69870044253e-09
9.76707037177e-09
9.45481047295e-09
9.89074792447e-09
9.96866513102e-09
9.78880781366e-09
9.8866001545e-09
8.94962962416e-09
9.21330972438e-09
7.78851099743e-09
8.41596370544e-09
8.72189134015e-09
8.42334008735e-09
9.88500166328e-09
9.38607331334e-09
9.55270621684e-09
9.1491889129e-09
8.88703184101e-09
7.74235090329e-09
9.66649439057e-09
4.2118789583e-09
8.22721530293e-09
5.99064925727e-09
8.30625668795e-09
8.65108848901e-09
8.25545977111e-09
9.67095928164e-09
8.98869399275e-09
8.84444187202e-09
9.30425545388e-09
8.40803423455e-09
9.15572994976e-09
9.63847229539e-09
1.03123361805e-08
9.3403789782e-09
1.03753028851e-08
1.01558462591e-08
8.40785016294e-09
9.21342970672e-09
9.41541733706e-09
8.57341250569e-09
4.58670092216e-09
8.7036205914e-09
8.82075124014e-09
8.4660297263e-09
8.60186489843e-09
9.6409451552e-09
9.12342387068e-09
8.65285579603e-09
8.73884498123e-09
9.78187278215e-09
9.4494661008e-09
9.12214919447e-09
9.79598142139e-09
8.81453207864e-09
1.05858129517e-08
9.61034875693e-09
8.14444978017e-09
9.058683153e-09
8.34187948435e-09
8.50934592637e-09
7.51009454114e-09
9.3760678854e-09
9.7119669758e-09
9.46592586771e-09
8.57678227503e-09
1.01557450127e-08
7.94825582127e-09
9.77179497347e-09
8.41091785113e-09
8.64109170788e-09
8.40765877803e-09
8.82606319111e-09
8.77580890206e-09
1.02800623073e-08
8.87743173481e-09
9.81944094531e-09
8.65061123323e-09
9.41054695402e-09
8.31813020785e-09
1.08223220277e-08
8.39180180105e-09
8.02462284251e-09
9.26355877576e-09
9.002350087e-09
1.08333953952e-08
7.70186868043e-09
