1.99160485574e-17
1.86965778264e-05
8.88236192836e-06
1.66895111937e-06
3.17240741043e-05
4.19139610768e-05
1.49792391392e-07
2.17780697777e-08
8.07415635527e-05
1.94739754202e-05
1.17880620834e-05
3.01224439837e-12
1.29852631876e-05
1.54668791023e-20
4.68274449027e-06
7.59073017242e-06
1.33508395758e-06
4.31503203361e-05
1.96563997292e-05
1.55315083146e-05
1.79576796324e-05
3.26578653817e-10
4.79085045898e-07
1.96892769945e-05
2.27301409415e-05
1.48601912045e-07
6.64627780046e-06
6.67210055703e-06
2.36668445179e-05
9.87866927044e-06
1.16354300264e-06
2.02498230437e-05
3.8625564104e-10
1.0054606976e-06
4.22848237103e-20
7.09667488564e-07
5.41630020455e-07
1.8019622507e-09
2.09556761078e-05
3.86977641963e-07
2.11083623001e-05
2.30949289851e-05
1.13796119088e-06
8.12880906922e-06
1.20706871309e-05
1.25484957067e-05
5.8338941064e-06
2.05318688281e-05
9.88708731855e-06
5.50184925253e-09
1.99923638569e-07
6.28691786368e-06
1.91987262427e-15
1.36958053236e-06
2.05379368522e-05
2.17811043991e-05
2.43577205499e-05
4.93007137466e-06
3.87540113712e-10
2.42612689058e-17
2.04569729816e-05
4.04511728124e-12
1.07061491488e-11
7.44426241095e-11
1.24828426945e-05
2.35332501818e-05
1.04725872017e-06
1.45099474025e-05
4.16505206893e-06
1.52118512236e-07
6.6779180417e-09
1.68877071739e-08
1.72999804283e-05
2.36818013633e-05
1.4629190186e-05
1.54330309543e-05
1.9592852941e-05
9.60736764916e-06
2.14403659827e-06
1.42466139478e-05
3.41173150973e-06
2.66554804403e-05
8.22286959248e-06
2.1155175263e-05
2.05064902695e-05
5.32782144267e-08
9.69411161914e-06
3.08928491408e-06
2.37810313559e-05
1.36851976618e-05
2.2425458088e-05
1.30898368705e-05
4.17605432603e-06
3.33337159004e-07
9.54323478394e-07
3.74285541292e-07
1.74506612668e-05
1.43871624879e-10
2.23888302136e-05
9.51527443498e-17
