1.02886140536e-07
1.03011666019e-07
1.0196870017e-07
9.60162242564e-08
1.07126541465e-07
1.02977984084e-07
2.39316351449e-07
0.00680627210731
1.03774679364e-07
1.03689318571e-07
9.96869075936e-08
1.0178176654e-07
1.0901737765e-07
6.27194144423e-06
8.40145858207e-08
1.12192426292e-07
9.90799751166e-08
1.00302156289e-07
1.08885353921e-07
1.0310025306e-07
1.02140132532e-07
1.09704260521e-07
1.0371753932e-07
9.53228284098e-08
1.25645914847e-07
1.10673751169e-07
1.06093959979e-07
1.20776429064e-07
9.05162555165e-08
1.02465257349e-07
1.14311630857e-07
1.10003852474e-07
1.02710348706e-07
1.09470491456e-07
1.08563022921e-07
1.17604681715e-07
1.06688539694e-07
9.53637468896e-08
1.00166279273e-07
1.07646845504e-07
1.01623940044e-07
1.01586213595e-07
1.06138381032e-07
1.02655591131e-07
1.00631207075e-07
1.17245015894e-07
8.70349591609e-08
9.85549608771e-08
9.32494722146e-08
1.00370199343e-07
1.11180501523e-07
9.65384836359e-08
9.90387659309e-08
1.12178598371e-07
1.03313076292e-07
1.081935618e-07
9.64353423234e-08
1.08973137545e-07
1.10230901874e-07
1.09831730621e-07
1.11762276703e-07
1.10032568053e-07
9.80159999558e-08
1.04805355698e-07
1.11471985513e-07
1.05032346895e-07
1.01160914275e-07
9.44366843832e-08
1.02346255007e-07
9.44036279301e-08
1.02846273525e-07
1.13765422648e-07
1.07354299253e-07
1.00184418965e-07
1.05218750921e-07
9.56951549462e-08
1.08768921774e-07
9.55197552058e-07
9.5290402776e-08
1.0261039681e-07
9.0432283231e-08
1.16502676634e-07
1.08746191309e-07
1.00957485101e-07
1.10018282251e-07
9.6003627605e-08
6.75116835738e-06
1.13849079832e-07
9.49113569996e-08
1.05262491099e-07
1.1333046311e-07
1.16808475008e-07
9.56833593746e-08
1.2162591357e-07
1.08291751829e-07
9.38740601505e-08
9.30039549597e-08
7.20072794756e-06
1.20556659612e-07
9.23355071633e-08
