0.00633251222343
0.00717921359972
0.00617251531442
0.00591680181227
0.00638912766727
0.00617001788053
0.00440174118369
0.00642350263566
0.00657112683873
0.0055781107015
0.00698101187843
0.0060554787829
0.00708892827375
0.00692890655365
0.00621054003139
0.00681664886818
0.00706548921595
0.00504958789151
0.00665964136589
0.0060570122342
0.0078695085905
0.0073035017336
0.00641862428153
0.00604699321708
0.00420730516183
0.00600697436926
0.00528483725705
0.00633618293817
0.00669179563248
0.00386936198862
0.0043266897812
0.00495516505561
0.00727322505787
0.00679036760639
0.00665825522518
0.00538518862373
0.00581845636533
0.0072643739834
0.00636940028651
0.0063205851462
0.00602510720486
0.00570653222551
0.00640645162884
0.00650926397606
0.00634032705728
0.00525044261917
0.00644487576642
0.00663375400296
0.00543719593099
0.00564873513814
0.00645283574834
0.00682872029689
0.00629505636236
0.00591922721891
0.00753634767732
0.00516785959127
0.0057143576666
0.00736183667643
0.007141818186
0.00649015010963
0.00662153701286
0.00640463263253
0.00528976276891
0.00619256109725
0.00437728435596
0.0061007648736
0.00702069837252
0.00698528150127
0.00700133147846
0.00565497003806
0.00575170205638
0.00654233958417
0.00673584940522
0.00583012048984
0.00682780986129
0.00616720115319
0.00536874622233
0.00497416150382
0.00688537550523
0.00670260697561
0.00590749620245
0.00756509130796
0.00707413940859
0.00643183432354
0.00674434559065
0.00720982066269
0.00511673917207
0.00636828264484
0.0059122627639
0.00532425357618
0.00663848102678
0.00578941809237
0.00644985367185
0.00668262336422
0.00522756109568
0.00495504606113
0.00732537948262
0.00627313099187
0.00701673219419
0.00622566958804
