0.00108935986188
0.0110273173182
0.00107374469452
0.000935940309569
0.00095195930106
0.00101599208974
0.00104535655239
0.00095270152576
0.000982658751313
0.000993885448253
0.000964525245929
0.00102928124509
0.00106908758325
0.00102173066425
0.000972112423904
0.00103969702195
0.000995269615623
0.000979064507205
0.000974351680832
0.000948969815054
0.00117379102948
0.00104276007709
0.00106612867555
0.00144168750497
0.00100784134223
0.00115059306326
0.000882331616929
0.00322421020507
0.000933587136185
0.00115204583052
0.0010206772856
0.001060373162
0.000967055698032
0.00106104647712
0.000982530456526
0.00107001816827
0.00104827939195
0.0010766283202
0.000980742694626
0.000976998699576
0.000931650139325
0.00107976676301
0.00117996193733
0.000994505645883
0.00105055938304
0.00110555287353
0.00106488468942
0.00102331689133
0.00106298468523
0.000946983404754
0.000998621119989
0.00100774589489
0.000973091787831
0.00103192046912
0.00101331552484
0.00102897648504
0.00114698979152
0.00102010165583
0.000902681791194
0.00106474517444
0.00101891114306
0.00101994460688
0.00114583941096
0.00104016097884
0.00112199344767
0.00100000769224
0.00101528070373
0.00100075464541
0.000968738745359
0.0010120476419
0.00100000831007
0.00104361369325
0.000943070287961
0.00110238352664
0.00109318240452
0.00100200002224
0.00105676628288
0.000952440199043
0.00112241512966
0.00103715443492
0.001177339304
0.00110484240243
0.00108595515037
0.00105441784778
0.000948507352318
0.00090544085792
0.00102130818347
0.00101605749453
0.000936993423095
0.00101109369525
0.000912477266234
0.00105353431147
0.00127628657152
0.00092967153196
0.00103628819937
0.000956241033137
0.00101788482551
0.00103471218474
0.000976701857063
0.00122705244449
