8.16232413906e-06
8.4822446136e-06
8.25884257817e-06
8.15216968876e-06
3.13583050917e-06
7.90388758383e-06
7.84243574576e-06
7.24961650928e-06
7.28887995654e-06
8.2157186827e-06
8.09477671088e-06
7.3192545487e-06
8.26514541083e-06
8.71258105634e-06
7.22076636602e-06
7.86177440112e-06
7.53891238373e-06
7.47923737638e-06
8.27092461799e-06
7.30868164584e-06
8.22767011954e-06
7.18873372507e-06
7.25222393928e-06
8.3059905023e-06
7.96174569665e-06
7.47581521781e-06
8.19214953481e-06
7.68933714374e-06
7.74671481848e-06
7.19201796422e-06
8.24585310489e-06
7.32576523141e-06
7.36564239847e-06
7.68386245412e-06
8.6528736457e-06
8.43027671896e-06
8.00595696107e-06
8.52361852258e-06
7.95289113916e-06
8.03617523356e-06
8.29811140531e-06
8.50653424411e-06
8.78389082373e-06
7.76532313543e-06
7.46128714597e-06
8.59583037559e-06
8.46525208765e-06
8.81708684065e-06
7.89072211397e-06
8.46952607469e-06
8.5082877452e-06
7.40121546698e-06
7.97342125701e-06
8.53533365365e-06
8.20360782264e-06
7.62693607783e-06
7.2886231087e-06
8.45013110865e-06
8.53291268326e-06
8.37657796024e-06
8.12986442937e-06
8.68687976702e-06
8.00085057008e-06
8.83518242514e-06
3.99770876173e-06
8.25402449937e-06
7.099533198e-06
8.37517590924e-06
7.81864648165e-06
8.46441067803e-06
7.79664226858e-06
8.17963005124e-06
7.11481114541e-06
7.40951056465e-06
8.73456638091e-06
8.8081308125e-06
7.17778864937e-06
7.50100186685e-06
8.85766760867e-06
7.48188487108e-06
7.59005027868e-06
7.7129119704e-06
6.69037998114e-06
8.23466557629e-06
7.12554666685e-06
8.2371065592e-06
8.69074374268e-06
8.75265365201e-06
8.12117607089e-06
7.4616863839e-06
8.36873433024e-06
8.47853673214e-06
4.09307534378e-06
7.45377600126e-06
8.12049980909e-06
7.88444047877e-06
7.2138232309e-06
7.15037544578e-06
8.07521934338e-06
8.79333761212e-06
