0.00230754633451
0.00209558406501
0.00178844527838
0.00163080189778
0.0018863793907
0.00194137791398
0.00279825271068
0.0011577408459
0.00266345584317
0.00155670358469
0.00130540049678
0.00174791205656
0.0021782791178
0.00211711200292
0.0021758908369
0.00157459083789
0.00197825471695
0.00225120854731
0.00163293909801
0.00133462157076
0.00164500565449
0.00142980527232
0.00121771853762
0.00239501542732
0.00186089834957
0.00232149076213
0.00178260304316
0.00165632458905
0.000792767411379
0.00252994019567
0.00158784981147
0.00135400395626
0.002309186503
0.00265626232326
0.00188901847279
0.0028015088109
0.00145113428737
0.00248768294509
0.00121426718875
0.00145832911883
0.00120218882317
0.00304058038096
0.00142235981012
0.00125254423096
0.00186958707943
0.00165662837692
0.00178150542712
0.00141635130955
0.0021674649176
0.00108180613388
0.00179725319615
0.0012549535424
0.00199588286911
0.00116121778136
0.00204945527232
0.00257001217481
0.00192902113595
0.0018366667905
0.00163639125111
0.00183699233375
0.00110071412194
0.00150922033797
0.00201177213407
0.00151933431702
0.00273325395543
0.00230886776048
0.00228685701795
0.00139028289901
0.0011544301331
0.00122892085911
0.00125389068055
0.00137452232106
0.00211964416175
0.00117663337114
0.00173047422028
0.00215632247078
0.00153989738861
0.00252556570137
0.00200479933234
0.00157631939977
0.00216801329483
0.00181428617324
0.00185630155016
0.00225456038783
0.00173301109214
0.00185513697141
0.00183156931416
0.00171049378682
0.000970839089854
0.00190073901846
0.002233690571
0.00163255717484
0.00183859407013
0.00198665048562
0.00120351498913
0.00163126144251
0.00225371398798
0.00158728072236
0.00208556307997
0.00245488332843
