7.22933427783e-09
7.74238146964e-09
8.07079739311e-09
8.64473502689e-09
7.16664385848e-09
8.05095354304e-09
5.72317657188e-09
8.70066739436e-09
8.61231967243e-09
8.0008561674e-09
7.43961981203e-09
7.39889997382e-09
8.43353039338e-09
7.7146030914e-09
8.00310400027e-09
7.16500258736e-09
7.86297245882e-09
7.80358566366e-09
7.50888496547e-09
7.49305063917e-09
7.54037366642e-09
8.26107606079e-09
7.6868811088e-09
8.16884802695e-09
8.4125023689e-09
8.03783497384e-09
7.34135813927e-09
7.80541703639e-09
7.29674959065e-09
8.45522072419e-09
7.38886144985e-09
7.57002127887e-09
7.93710960245e-09
8.61820869317e-09
7.85611747948e-09
7.66926413447e-09
7.75785672154e-09
8.96473628014e-09
8.41259880994e-09
7.72256472513e-09
8.46149702638e-09
8.1346291232e-09
7.95509524252e-09
8.07980750598e-09
8.43051429985e-09
8.00188498155e-09
6.63420324073e-09
7.82427917361e-09
7.87668998553e-09
8.31863920111e-09
8.38470474559e-09
7.76948814601e-09
7.92439804703e-09
8.9128107876e-09
6.22076887792e-09
7.99175134464e-09
7.69295261449e-09
7.40462258944e-09
7.38599702934e-09
7.67162157966e-09
8.46941068223e-09
8.26242207306e-09
8.6361166328e-09
8.1250191569e-09
7.67491703934e-09
8.97824555761e-09
7.99629428573e-09
7.2749297327e-09
7.89215279482e-09
8.18975735793e-09
7.77776334276e-09
7.87908775383e-09
7.95982472711e-09
8.06671725992e-09
8.35293446123e-09
7.68850302593e-09
7.96163234804e-09
7.95521602724e-09
7.77215289254e-09
7.91397309512e-09
7.09441567713e-09
8.18878168744e-09
8.15549654054e-09
7.89065826437e-09
7.61059886881e-09
7.94787702452e-09
7.89721824619e-09
7.82372373301e-09
9.06276330251e-09
7.98006176415e-09
7.92008492121e-09
8.49877540449e-09
8.0891374401e-09
8.28546130387e-09
7.38240300696e-09
8.07024171341e-09
8.09429932153e-09
8.0523371397e-09
7.87574327254e-09
7.74465232757e-09
