7.99065390185e-07
8.92305548006e-07
8.54604131972e-07
8.1689091384e-07
1.10044963999e-07
7.54336935731e-07
8.21839733596e-07
7.36846978142e-07
6.67302502164e-07
8.63154696197e-07
7.88111064114e-07
8.17496456064e-07
8.42808588231e-07
8.15348504054e-07
7.43561014643e-07
7.39517244604e-07
8.43762232911e-07
8.02151521421e-07
8.80228700421e-07
8.37121345079e-07
7.8568576885e-07
8.86885059576e-07
8.07712090852e-07
8.84168419778e-07
8.55350786273e-07
7.7903560976e-07
8.31966964897e-07
8.65708739126e-07
8.38477823071e-07
7.85240027153e-07
8.31076920973e-07
7.84237351826e-07
7.98065142083e-07
8.98643349993e-07
9.15235563186e-07
8.28442726455e-07
8.43603618211e-07
7.80264306573e-07
7.23732340704e-07
8.37771946699e-07
8.93623305716e-07
7.55331530542e-07
7.73605012797e-07
9.02420201335e-07
8.16171953455e-07
8.13032332139e-07
8.51777620095e-07
8.34075864182e-07
8.25598328597e-07
7.74400348211e-07
7.6272612433e-07
7.8001515616e-07
8.23534262335e-07
9.27425614746e-07
7.94668667537e-07
7.36577511471e-07
7.76048260225e-07
9.15008371832e-07
8.76271361765e-07
8.0620376253e-07
8.47380208298e-07
8.8913694955e-07
7.51869391288e-07
7.79589897526e-07
5.16508391735e-07
8.46850413114e-07
8.41124355861e-07
6.98066312757e-07
8.68674710488e-07
7.79976834075e-07
6.84782681877e-07
8.62609493879e-07
8.75816631257e-07
8.47444313628e-07
8.76560121953e-07
8.10571760468e-07
7.98271474269e-07
9.06408009827e-07
8.02821380792e-07
8.6611505578e-07
8.1255307213e-07
8.09265946894e-07
7.69775155528e-07
8.48244337208e-07
8.81647321244e-07
8.2477263431e-07
8.23696790348e-07
8.33327082889e-07
8.1177857998e-07
7.17970273074e-07
7.77908162136e-07
8.33685464931e-07
5.01811355916e-07
8.26950185068e-07
8.17124691866e-07
8.05879350805e-07
7.97990287501e-07
7.87051839781e-07
8.5857994636e-07
8.5542505754e-07
