1.83734277075e-08
2.75588724138e-08
2.57021346917e-08
3.31053407796e-08
2.34117494824e-08
2.45277451215e-08
2.55482404171e-08
3.22749453909e-08
2.47954373518e-08
3.6255279588e-08
2.58746588996e-08
3.07228076392e-08
2.44424964172e-08
2.74772576954e-08
1.91775361111e-08
2.30389409394e-08
2.36931046232e-08
2.43441068115e-08
2.1545446299e-08
2.65878193145e-08
2.04546280124e-08
2.05202634818e-08
2.28236092027e-08
2.98230094064e-08
2.05865239436e-08
2.31582910762e-08
2.71532034572e-08
2.00563537041e-08
2.24199391249e-08
2.20743413049e-08
1.35556063191e-08
2.10603536916e-08
2.3936585537e-08
3.35701130512e-08
2.35462784018e-08
2.19924254851e-08
2.82170933285e-08
1.99852317676e-08
2.72473956101e-08
1.77373227928e-08
1.70862896517e-08
2.10777303321e-08
2.85276551639e-08
2.71041859708e-08
2.53831478735e-08
2.16933966893e-08
2.38125600011e-08
1.92173511035e-08
2.36620929869e-08
2.85396924376e-08
2.23999895737e-08
2.25349166777e-08
2.45461202347e-08
2.80349836104e-08
2.43499503586e-08
1.44072396769e-08
2.60276693313e-08
2.1813021329e-08
2.4363966478e-08
1.59784135804e-08
2.28732675596e-08
1.94756098994e-08
2.65662184797e-08
2.17558814531e-08
2.24364122007e-08
2.51909666606e-08
2.2517488029e-08
2.84157771159e-08
2.55346854212e-08
3.17181712326e-08
2.41735907618e-08
2.51305627918e-08
2.69496507968e-08
2.21100163055e-08
3.1753999954e-08
2.96144026412e-08
2.38300656286e-08
2.43813943702e-08
2.30588832063e-08
2.61404980798e-08
2.61332285358e-08
2.11890419532e-08
3.24205045612e-08
2.89778518933e-08
2.34329588402e-08
1.70216454649e-08
2.57685837382e-08
2.7837360475e-08
2.61446395285e-08
1.94946527338e-08
2.70735947408e-08
2.20891426808e-08
2.53475185337e-08
2.64510649538e-08
3.19092341486e-08
1.83026736559e-08
2.52854303122e-08
3.07552078732e-08
2.13217611776e-08
2.24579603953e-08
