7.73405433852e-09
7.99332600815e-09
7.744433914e-09
7.31976300387e-09
1.49795938856e-09
8.18570577311e-09
7.7993297365e-09
7.49409899564e-09
8.64016211555e-09
8.59203622561e-09
7.52531575165e-09
8.10626763521e-09
7.81749650772e-09
7.89804652529e-09
8.01540793939e-09
7.58350176627e-09
8.14538851351e-09
8.45202908839e-09
8.06150840632e-09
9.02335005127e-09
8.53371153211e-09
8.02493646189e-09
7.90622952814e-09
8.14843481648e-09
8.51184281508e-09
7.45543860124e-09
7.36895039393e-09
8.44312790499e-09
8.76934632076e-09
7.91598084188e-09
8.68197463046e-09
7.77619465722e-09
8.26152156172e-09
8.5509102965e-09
8.10063298829e-09
7.23028809941e-09
8.50341798734e-09
7.52551908777e-09
8.3239936204e-09
7.94186671061e-09
9.33542406664e-09
7.80955217454e-09
6.64896709709e-09
8.6163089376e-09
8.1494108649e-09
7.68704264443e-09
8.0188584079e-09
7.98303045317e-09
7.94989453475e-09
7.69782041376e-09
8.24225326976e-09
7.57671818617e-09
7.76358896562e-09
8.54101588599e-09
8.33607412439e-09
7.79333755201e-09
8.39273973624e-09
8.076461554e-09
7.74695252307e-09
8.07270020188e-09
8.11876823104e-09
8.14906195853e-09
7.68827254042e-09
7.75461884351e-09
4.4387580807e-09
8.33259326951e-09
8.31923795586e-09
8.3859060419e-09
7.72797122238e-09
8.82772463e-09
7.50744137269e-09
7.3931816956e-09
8.44348731077e-09
7.70066008122e-09
8.37588325005e-09
7.70261193448e-09
7.46287557569e-09
8.0202222727e-09
8.01605399267e-09
9.10714306351e-09
7.53767801194e-09
7.94590288708e-09
8.15192114967e-09
7.30564157319e-09
8.51026195077e-09
7.54872513974e-09
7.88039413906e-09
7.90295279809e-09
8.35220704323e-09
7.93651018385e-09
8.108120166e-09
8.30795945773e-09
4.37159126515e-09
7.79227803629e-09
7.92131424672e-09
8.9293316265e-09
7.77196790916e-09
8.71351399791e-09
7.88571540038e-09
8.10129149142e-09
