0.00044772125416
0.000384965015689
0.000442219368175
0.000351618901308
0.000403087720376
0.000414396255472
0.000446067139449
0.000351111225608
0.000468174773618
0.000561393077871
0.000355590687466
0.000343159985576
0.000373224308825
0.000421346587894
0.000376869031218
0.00031505556436
0.000409673394135
0.000322882981191
0.000462536609718
0.000527655939541
0.000440564804149
0.000462762842794
0.000372256058591
0.000392717510275
0.000364594143541
0.00037244977766
0.00053724488927
0.000472971126554
0.000472242249754
0.000481240140738
0.000460108158959
0.000338620290751
0.000407449795926
0.000413158828575
0.000397262424321
0.000427547639296
0.000398418191527
0.000433696507663
0.000346473187174
0.000441463952322
0.000424164053902
0.000494657870525
0.000469961701872
0.000327289403042
0.000400276306076
0.000350525213578
0.000458735051407
0.000333251563414
0.000463744946203
0.000505997965888
0.000497359391617
0.000417888582482
0.000446610295558
0.000426761475408
0.00046689602158
0.000402813407723
0.000475443193441
0.000390500523306
0.000371191384407
0.000438192664527
0.000446544442627
0.000436804832874
0.000345681952362
0.000483289128799
0.000407559965334
0.000317945838433
0.000368313105476
0.000454450349624
0.000541578769354
0.000357405706726
0.000436567021755
0.000318674031864
0.000568916552349
0.000438771134819
0.000383347212021
0.000429692546881
0.000448366354975
0.000494460867504
0.000501692412684
0.000338283154338
0.000371101785406
0.000544695113427
0.000437137009003
0.000397921745225
0.000364288771576
0.000424793261069
0.000507746612085
0.000466214026296
0.000367896528274
0.00040332788793
0.000445459667754
0.000400970246284
0.000354412781584
0.000306628446171
0.000483861894109
0.000445848723393
0.00050894817025
0.000404919255443
0.000315021849038
0.000506252726664
