2.3475891013e-05
1.90109731397e-05
2.91102867986e-19
2.53178724768e-05
1.12142440131e-08
7.35063092662e-10
2.29305328883e-05
4.93107530384e-06
1.60623881364e-05
1.34533060747e-05
1.64660695387e-05
2.2884975473e-05
1.92471135147e-05
2.34947751711e-05
1.48352326502e-06
5.80430772864e-09
1.99439550352e-05
1.98482473816e-07
2.09547944471e-05
1.57378438246e-05
4.58691150312e-13
1.38561039571e-08
2.11581093612e-05
1.21023832679e-05
1.84072577771e-05
2.84364298571e-06
1.96312611388e-05
2.65821070184e-06
2.30811015419e-05
1.62904682396e-11
1.70636729879e-05
1.75796142221e-05
1.23760700799e-05
6.51632134712e-07
7.46289142693e-07
1.09299956125e-05
2.61904080799e-06
6.66703138574e-07
2.05488330895e-05
2.13214067941e-06
1.39744093867e-05
5.61558056396e-06
8.10964326935e-06
6.41892722955e-06
1.8095952436e-05
1.75378469485e-05
7.09070424284e-08
1.13680164e-05
4.57763772494e-07
1.86402214337e-05
5.35468634275e-09
1.88504424022e-05
7.78249920882e-06
1.7770987796e-05
6.41200334486e-06
2.44013084236e-05
5.13545884188e-06
1.94627628779e-12
4.39553034837e-12
1.60809031913e-05
1.17917901336e-05
1.41651658179e-05
2.12343891821e-05
1.80013851825e-05
2.20887006957e-05
4.00403158383e-08
4.20074329018e-06
2.07381393138e-05
1.41437907009e-07
9.63661525239e-07
1.96760774245e-07
1.8765363206e-05
3.02300147091e-07
2.18994948584e-05
2.46811034584e-07
1.96669505283e-05
1.16834267362e-05
2.13267041727e-05
8.17381398815e-19
1.62214865397e-05
1.98427859986e-05
2.34341839152e-05
1.6397127892e-05
2.17367641659e-05
8.59920334506e-14
2.40683457294e-05
1.65682979214e-05
2.04906757692e-05
6.43963368023e-18
2.27422331279e-05
2.10878370133e-05
2.00977372228e-05
1.95117152267e-07
5.19695886596e-06
3.26650708881e-06
1.31661979867e-05
5.76700614661e-06
1.66734459952e-05
1.97061747087e-05
2.73802165285e-16
