7.17101729868e-08
7.48279313368e-08
8.19574028748e-08
7.62884149588e-08
8.3137036372e-08
8.40622539287e-08
8.33971221333e-08
7.86676458664e-08
7.79514670151e-08
7.47938414691e-08
8.36920251907e-08
7.94943218744e-08
7.66834540112e-08
8.10818928064e-08
7.46299781597e-08
7.41075267018e-08
7.1421049564e-08
7.53767026777e-08
7.64913438079e-08
7.92741501035e-08
7.28963262758e-08
7.85321768362e-08
7.72826777659e-08
8.87807754872e-08
8.23075143409e-08
8.28329517956e-08
7.26367842586e-08
7.13229186431e-08
8.06830007815e-08
7.81629829641e-08
7.73066750059e-08
8.21289181917e-08
8.48112852528e-08
7.91286107841e-08
7.87964987822e-08
8.31101104768e-08
7.6453882184e-08
8.45292937905e-08
8.18474845612e-08
7.52123188951e-08
7.83127359756e-08
7.87479961098e-08
7.46918799742e-08
7.09051700171e-08
8.08098508278e-08
7.95073289094e-08
7.27267211783e-08
8.4271144546e-08
8.22026077895e-08
7.93553906494e-08
8.16981290381e-08
8.85918571445e-08
7.37911079285e-08
7.50507534379e-08
7.59094531494e-08
8.37255128205e-08
8.25319427219e-08
7.80041757526e-08
7.12507523868e-08
7.06775401896e-08
7.61968685782e-08
7.44074309666e-08
8.60275557455e-08
7.64592095391e-08
7.8513366427e-08
7.90585652587e-08
8.09911571415e-08
7.58057267605e-08
7.887357106e-08
8.21668392352e-08
7.27726759187e-08
7.22305217406e-08
7.30608904205e-08
7.17858680305e-08
7.60511837546e-08
8.23048635767e-08
8.33998683767e-08
7.74756834191e-08
7.89618931075e-08
7.77197841115e-08
8.15325446893e-08
8.63766586787e-08
7.86999806819e-08
8.31961702422e-08
8.04001167746e-08
7.24891958278e-08
8.32282392153e-08
7.53086017944e-08
8.09498183705e-08
7.69715321185e-08
7.26294148038e-08
8.35495584714e-08
7.86185006621e-08
8.29665695042e-08
7.3856616949e-08
7.22461373155e-08
7.95829901131e-08
7.75427479325e-08
8.84001145463e-08
8.38130441626e-08
