2.79111103492e-06
1.6593130426e-06
2.59070959274e-06
2.5625543062e-06
3.38436981862e-06
1.60015011566e-06
1.59959679912e-06
5.28467948801e-06
3.44991642103e-07
1.26332014256e-06
3.41982390414e-07
6.90704963875e-06
6.88819912633e-06
3.17676458348e-06
2.49635561556e-06
3.46002225385e-06
7.08291812337e-07
6.21731986683e-06
2.91474895097e-06
7.02830555846e-06
2.46601849402e-06
3.39359110076e-06
8.99040134984e-06
2.00634588681e-06
5.22389303638e-06
3.56432503549e-06
4.26383259768e-06
2.87328162642e-06
3.75011858859e-06
3.81907558552e-06
4.1794385262e-07
4.57985344983e-06
3.41353035189e-06
5.71717078034e-06
5.15175545639e-06
2.18431000648e-06
1.78413262297e-07
1.91273559768e-06
3.55884512969e-06
4.63390451614e-06
4.50797172823e-06
2.75701583289e-06
4.00667588036e-06
5.06083059292e-06
3.41828334324e-06
3.65416345562e-06
1.11329232037e-06
2.0450924614e-06
1.75873556962e-06
5.15795986664e-06
5.76169522921e-06
5.31873194271e-06
3.06985976719e-06
4.95169140758e-06
8.38918344176e-07
3.25343245395e-06
9.75081887518e-07
2.79997608852e-06
2.07781828707e-06
1.11860512334e-06
2.05660387887e-06
3.23171432617e-06
5.01422876785e-06
1.17925189792e-07
3.16925117633e-06
4.27492617657e-06
3.25890412407e-06
3.9139275273e-06
3.81987111182e-06
4.05917174962e-06
3.95158767248e-06
2.51182053365e-06
5.19524662e-06
2.75124205665e-06
2.26732865869e-06
1.97525957931e-06
1.92288098347e-06
3.77453575982e-06
4.25536258935e-06
3.52190554516e-06
5.8155245829e-06
5.11806648132e-06
3.98931331367e-06
6.02074402035e-06
1.99895237809e-06
1.54866076729e-06
6.28451977665e-06
4.55366983916e-06
4.45782498787e-06
3.24968479277e-06
4.17055414171e-06
2.85350507614e-07
4.17306688818e-06
1.14412412062e-06
2.44687579018e-06
2.91452717463e-06
3.454594888e-06
4.03234647188e-06
6.39694096019e-06
5.44246054234e-06
