2.74510435134e-06
2.19522493898e-06
3.58403787322e-06
4.04868402089e-06
2.60748438463e-06
3.1171727541e-06
2.15561426204e-06
2.98922296416e-06
2.29406311507e-06
2.92860067661e-06
3.31390426931e-06
2.69930530469e-06
3.11619413841e-06
3.15702428999e-06
1.77359454089e-06
2.63105194987e-06
2.36042719594e-06
2.3261122102e-06
2.84813025006e-06
3.28705022308e-06
2.10069601222e-06
2.14017819575e-06
3.73879308549e-06
2.48837271233e-06
2.10887039505e-06
3.06225547057e-06
2.12995396798e-06
3.49682574568e-06
2.24625776895e-06
2.14594900601e-06
3.37986403013e-06
3.3943975381e-06
2.21274368962e-06
2.65305882779e-06
4.57892960269e-06
2.87749203733e-06
3.24738190784e-06
1.81062036708e-06
2.08988957373e-06
3.4881555859e-06
2.73426068564e-06
2.53042441458e-06
3.49319461753e-06
2.12559324717e-06
2.53488287904e-06
2.39876634816e-06
2.41017811066e-06
2.13635207889e-06
2.02438344128e-06
1.86491182926e-06
2.29382399121e-06
2.20962051663e-06
2.8462067984e-06
2.90900385746e-06
2.52171386544e-06
2.14569833661e-06
2.55965439412e-06
2.29401102905e-06
2.67407234611e-06
2.21175129746e-06
2.25576698414e-06
2.96586553274e-06
1.5673000862e-06
2.73961006477e-06
2.89120002033e-06
2.80564325679e-06
2.75307361871e-06
2.1161415897e-06
2.33511357453e-06
2.26810751082e-06
3.04141976961e-06
3.59230367977e-06
2.51053651934e-06
2.09999836082e-06
2.83249011594e-06
2.80212797877e-06
3.95024914786e-06
2.51789752344e-06
2.99762942931e-06
2.34874820829e-06
2.09830313762e-06
3.23427733114e-06
2.45288690709e-06
2.25629452999e-06
3.01520179398e-06
2.33932050808e-06
2.24606637356e-06
3.06678802646e-06
2.1739613228e-06
2.81444628673e-06
3.03492834321e-06
3.24943269308e-06
2.10290242596e-06
2.15296768863e-06
2.58471159224e-06
2.1596723215e-06
2.45796945806e-06
2.42381632358e-06
4.65634189949e-06
1.94096438045e-06
