2.90939050108e-05
2.91958406187e-05
3.51579410164e-05
2.14903186848e-05
2.461981619e-05
1.62506280088e-05
2.38948714734e-05
3.33630872155e-05
3.08362592774e-05
3.27559495308e-05
3.21180995812e-05
2.51980763619e-05
2.25899009169e-05
2.75614730404e-05
3.07388191009e-05
3.94644129246e-05
2.00310287616e-05
3.73986418255e-05
3.19385936258e-05
2.82227059278e-05
2.38795008765e-05
3.01845403084e-05
2.12484831957e-05
2.22953276285e-05
2.10079846688e-05
2.37069253005e-05
2.51915183265e-05
2.40898803477e-05
3.3803454881e-05
2.14002257924e-05
3.47860781801e-05
2.57769487136e-05
2.10140538756e-05
2.99866842724e-05
2.33714348073e-05
2.29188140217e-05
2.37566505542e-05
1.94791874065e-05
2.08887233172e-05
2.75013362229e-05
3.01923122807e-05
3.66204344469e-05
2.49716256824e-05
2.53903621886e-05
2.72178290393e-05
2.43155578582e-05
2.18547350664e-05
3.18679809872e-05
2.54132086142e-05
2.31999920222e-05
2.18885595408e-05
4.44573544339e-05
2.54931376339e-05
2.49775889986e-05
2.2890441275e-05
3.01438070588e-05
2.88136120062e-05
3.07194118286e-05
3.3916283628e-05
2.22652411929e-05
2.61181178118e-05
2.58865659795e-05
2.51149395647e-05
2.76683927812e-05
2.61731794086e-05
2.34405991202e-05
2.59030273195e-05
3.32178967363e-05
4.07254296013e-05
2.92711082871e-05
2.98983283669e-05
1.698708385e-05
2.09966024801e-05
2.90836191902e-05
2.75768514533e-05
3.09193808913e-05
3.51185822653e-05
2.8757637766e-05
2.92058679711e-05
2.24521831211e-05
2.91265253208e-05
2.88970819564e-05
2.12820552878e-05
3.9709921431e-05
3.04618223756e-05
4.21031698287e-05
2.84278269377e-05
2.0710464584e-05
2.93379694392e-05
2.34327462455e-05
2.04012038996e-05
2.41686139478e-05
3.24094081235e-05
3.10916384175e-05
2.16309278649e-05
2.3346939922e-05
3.28088698104e-05
2.82153125637e-05
2.57416869128e-05
2.59253151353e-05
