1.74378408425e-06
1.92789380931e-06
2.69396912262e-06
1.57996440503e-06
2.52605810922e-06
2.57508522752e-06
2.30090028158e-06
2.95562087837e-06
2.94676018961e-06
2.95820965163e-06
2.00415273969e-06
2.58530991014e-06
2.81578811944e-06
3.28992980824e-06
3.66624872341e-06
2.52055835388e-06
2.78196333051e-06
3.06571689343e-06
3.52429671787e-06
3.42473686237e-06
2.63114439867e-06
2.98310961672e-06
1.42901845058e-06
3.40933417964e-06
1.63118235566e-06
3.15901635045e-06
2.92838705178e-06
2.3702464743e-06
3.24337902827e-06
1.79488071024e-06
2.62873903244e-06
2.93239566548e-06
3.34662090057e-06
3.06691744785e-06
2.77755477339e-06
3.16742293314e-06
2.50306656333e-06
3.57179439498e-06
1.78771694536e-06
3.12418705647e-06
2.94608518288e-06
2.25680516057e-06
2.39589485373e-06
3.23279016938e-06
3.51779397529e-06
2.59445571713e-06
2.11307256855e-06
2.84206342788e-06
2.42001344183e-06
2.72218725406e-06
2.69291613806e-06
3.54337638137e-06
2.66212579144e-06
3.22444189799e-06
2.5481903036e-06
3.16835599183e-06
1.9555190144e-06
3.03885516576e-06
2.26474924214e-06
3.15735977366e-06
2.79340801141e-06
2.27904514453e-06
3.48912592486e-06
1.9101157895e-06
2.89135460056e-06
3.29621051122e-06
2.46433479029e-06
3.16156037881e-06
2.05078830761e-06
2.15266940129e-06
3.23403224885e-06
2.94988922031e-06
2.11925459775e-06
2.16108595585e-06
3.76680051822e-06
2.82182244387e-06
3.47097450379e-06
3.13090121123e-06
3.38206989024e-06
3.22226745641e-06
2.2864787572e-06
2.97013457124e-06
2.99371389562e-06
1.802223557e-06
2.10131934192e-06
2.11684095558e-06
2.758111727e-06
3.79506748143e-06
2.66026300841e-06
2.72723942217e-06
2.37481464946e-06
2.81567977357e-06
3.47642945148e-06
3.03424350182e-06
2.48798750324e-06
2.15539421505e-06
2.93790048698e-06
2.88121252238e-06
2.93377727843e-06
2.18622485154e-06
