3.25864044269e-05
2.07473091532e-05
2.89346840039e-05
2.91351806073e-05
3.17367510964e-05
1.76751793385e-05
2.60967587546e-05
5.66186499499e-05
4.51152005239e-06
1.73442384685e-05
4.41569406682e-06
6.95422972474e-05
7.20457272696e-05
3.08211059914e-05
2.37678966697e-05
5.30691249465e-05
7.92982435025e-06
6.57237636976e-05
3.50745882517e-05
8.16748220396e-05
1.97560482367e-05
4.01894054711e-05
9.40283043903e-05
2.7433335255e-05
5.83660240196e-05
4.26200792141e-05
4.57056530833e-05
3.14239995595e-05
3.68211605668e-05
4.30903349907e-05
6.49735843724e-06
5.28271809227e-05
4.08208466725e-05
6.14210366709e-05
5.41560457249e-05
2.2462434443e-05
7.79243414718e-06
2.3782043097e-05
4.05706288031e-05
4.18227205798e-05
5.85302404169e-05
2.72367228341e-05
4.48908002984e-05
5.5652042935e-05
2.95467425892e-05
3.73349791426e-05
1.40685338836e-05
2.09088136541e-05
1.76985045231e-05
4.96682656835e-05
6.31127506336e-05
6.33603214579e-05
2.68319450164e-05
5.27678910496e-05
9.89101889236e-06
3.47899194389e-05
1.59278223019e-05
3.13160596939e-05
2.53071799559e-05
1.26295261389e-05
2.74130693187e-05
3.68982123513e-05
5.39608734245e-05
4.4445295139e-06
2.96654319834e-05
4.55934940466e-05
3.1345681705e-05
4.61454959959e-05
4.17705353351e-05
3.99922691808e-05
4.63166367556e-05
2.51916371517e-05
4.99250148487e-05
2.75022198501e-05
2.90802960476e-05
2.69834406137e-05
3.08525837629e-05
5.09013713328e-05
4.33940911788e-05
4.62942402288e-05
6.02204570172e-05
5.63450365988e-05
3.73104117746e-05
5.70429813302e-05
2.82645917321e-05
2.5276918236e-05
7.09089147247e-05
5.02297152461e-05
4.48787787986e-05
3.83697242624e-05
4.03464127655e-05
4.29742068048e-06
4.89379192881e-05
1.75319097997e-05
3.73667381341e-05
2.33060816049e-05
3.98672769357e-05
4.38659525878e-05
6.51436804051e-05
5.12082618566e-05
