3.28020581422e-05
2.69123250734e-05
0.000115478567663
3.25042648176e-05
5.480179329e-05
0.000140786342045
3.94534629374e-05
7.57664366139e-05
9.444173167e-05
2.77383199085e-05
8.22268227142e-05
0.000113955513161
9.62219040238e-05
6.38371820864e-06
6.08014354324e-05
8.70056035378e-06
2.41094003778e-05
0.000185808812522
3.64688158582e-05
6.49375065616e-05
8.78477129999e-05
2.21073754808e-05
0.00010222972262
1.15555974198e-05
0.000121230578082
0.000135643337124
4.52773268493e-05
4.56261712265e-05
2.25727148665e-05
3.7028036927e-05
5.03023225933e-05
7.92261970528e-05
0.000195457373556
6.96029712422e-05
4.63633672161e-05
1.23101105126e-05
9.23093851594e-05
4.79357298982e-05
3.30980347371e-05
7.58659456178e-05
3.73434477322e-05
8.8888646407e-05
9.71226709982e-05
8.02499571441e-05
2.42448282485e-05
9.78626093027e-05
1.54456001178e-05
5.27271250537e-05
3.94066212641e-05
8.08171484855e-05
5.79270383251e-05
0.000101072506473
3.62072108936e-05
8.86325502458e-05
3.15354178745e-05
1.99709083332e-05
7.24563220351e-05
1.07961903038e-06
0.000119600359659
8.49094211051e-05
2.50146670492e-05
4.10606104986e-05
1.97696478852e-05
5.93263230675e-05
8.54678006614e-05
6.65372912392e-05
0.00010477188231
0.000171509898573
5.69880273276e-05
6.43163311926e-05
3.50810757817e-05
7.87245724811e-05
0.000100819963646
7.46237017371e-05
4.25542437426e-05
2.59138012074e-05
4.54056014104e-05
9.82708144677e-05
6.2530637712e-05
9.32366103597e-05
3.29658967322e-05
0.000192584731471
9.57223105815e-05
9.99251992132e-05
3.80677633127e-05
9.33869172804e-06
0.000109336787623
7.60819591408e-05
6.36720214361e-05
5.75305803153e-05
1.25522111461e-05
6.69148666542e-05
5.02096883205e-05
1.50473148752e-05
6.203383956e-05
6.12753181284e-06
0.000117828479128
6.56709604794e-05
0.000156884618547
1.2548027017e-05
