2.93615174172e-07
4.19916418195e-07
1.5620754324e-07
2.94736433816e-07
2.59704893719e-07
2.84353115351e-07
2.43161188851e-07
3.07027402602e-07
4.14301805549e-07
3.44590539657e-07
3.91481631269e-07
2.32732642569e-07
2.8785432725e-07
2.94977251512e-07
2.36100259075e-07
2.32236931282e-07
2.49623537287e-07
2.14128593573e-07
3.13549265636e-07
2.15005275371e-07
2.3227728239e-07
2.76612989597e-07
1.95379253939e-07
2.30061848291e-07
1.6442441808e-07
3.14854194715e-07
2.8138950503e-07
3.05907582075e-07
3.32790972844e-07
3.12644524968e-07
3.32796309072e-07
2.26954108308e-07
2.21871364449e-07
3.45492544062e-07
2.35166610011e-07
3.68158789088e-07
2.31438050634e-07
2.11146724653e-07
2.02053461959e-07
3.10798209772e-07
2.25895821152e-07
2.63170251213e-07
2.05188696035e-07
2.38156257275e-07
2.11672117705e-07
2.5181829441e-07
2.89295729425e-07
3.24404786726e-07
3.38275563093e-07
3.79846062088e-07
2.49272703156e-07
2.03373687378e-07
2.23327097391e-07
3.14223639656e-07
2.55231356339e-07
2.06909686134e-07
4.34843996503e-07
2.69133875446e-07
2.87549341001e-07
2.66013273982e-07
2.94597793501e-07
2.53127447431e-07
2.84253105812e-07
3.38823373819e-07
2.13415497598e-07
2.62734672293e-07
3.44588517061e-07
3.32325470724e-07
3.40808204415e-07
2.44461991028e-07
1.71880989771e-07
2.99160552522e-07
2.92408629661e-07
2.67560580713e-07
3.17484885087e-07
2.52595800509e-07
3.71588461677e-07
2.54811573151e-07
2.66954874961e-07
2.62195369647e-07
2.40812687108e-07
3.83272198952e-07
2.03218567764e-07
1.58470405476e-07
3.32434718093e-07
3.37596945663e-07
3.88072532266e-07
4.20159449972e-07
1.9589421569e-07
2.32075803083e-07
2.90071535048e-07
2.4116683526e-07
2.98415569899e-07
2.81467726779e-07
3.91181722651e-07
2.72538070177e-07
2.99786034197e-07
2.99716564193e-07
3.66694730568e-07
2.00433358396e-07
