0.000156073517904
0.000317802430545
0.000371770571807
0.000153323214288
0.000179790594239
0.000276107466709
0.000269327052011
0.000279029367686
0.000329618522667
0.000307238210384
0.000278785773021
0.00027664195478
0.00019102080467
0.000345453002071
0.000218874663156
0.00028115383595
0.000210299610808
0.000223299273155
0.000300863844432
0.000201651399116
5.55094439996e-05
0.000248771700153
0.00022776121673
0.0002566601792
0.000245049262815
0.000305051009923
0.000354391431191
0.000289985274504
0.000385842199792
0.000212620861453
0.000206156549751
0.000222671530164
0.000381962207263
0.000399784402198
0.000174614327275
0.000228552225637
0.000268242278468
0.000229623179228
0.000143762518095
0.000247883985947
0.00025358489756
0.000168427071383
0.000215878736676
0.000336107562377
0.000265450670253
0.000235601218233
0.000242361200313
0.000147484226396
0.000209117807224
0.000241061413185
0.000259941428177
0.000383216970568
0.00025374817825
0.000274400965977
0.000284344295667
0.000229578475627
0.000333651106167
0.000335423392695
0.000266282506965
0.000194802251883
0.000250266078485
0.000351660215479
0.000205626688296
0.000251613286602
0.000217879578712
0.000287176754284
0.000303086132551
0.000298417035026
0.000329234604012
0.000231198160388
0.000288634331404
0.000191915873071
0.000308641908951
0.000289635353879
0.0002275499707
0.000508747933968
0.000225023054669
0.000280954117492
0.000193717542736
0.000418997007177
0.000305222364921
0.000314591319444
0.000146037088758
0.000377160012398
0.000174413718026
0.000313674041464
0.000176925596161
0.000311865068458
0.00032020177459
0.000320466838297
0.00022828048309
7.80772067182e-05
0.000310544692075
0.000249514373934
0.000250367185782
0.000256743213307
0.00026154736838
0.000182832775164
0.000322168887835
0.000204532948082
