3.65817726489e-06
2.50177749471e-06
2.35035291661e-06
3.02802228409e-06
1.79147980666e-06
2.09654067045e-06
2.48701523401e-06
2.41691382067e-06
3.35862041031e-06
2.19175447092e-06
2.52795630528e-06
2.78526099632e-06
2.25360639179e-06
2.53114399285e-06
2.90292961062e-06
2.52325818811e-06
2.99446661975e-06
2.11727835245e-06
2.59221481044e-06
2.69455654971e-06
1.89159343615e-06
1.93226012157e-06
2.76810297882e-06
3.59289930952e-06
3.24952084131e-06
2.56861533471e-06
2.81968450311e-06
2.47380316726e-06
2.78314688623e-06
2.8802287617e-06
3.13596952439e-06
2.8058604216e-06
2.47325524156e-06
2.14281223102e-06
1.88910302973e-06
2.91421182514e-06
2.62424308448e-06
3.5866666012e-06
3.35397491553e-06
2.62695275979e-06
3.26426494038e-06
3.09928159086e-06
2.59767520667e-06
3.03250501113e-06
3.52878300224e-06
1.82360159368e-06
1.55073887301e-07
3.88645940237e-06
2.12004191899e-06
2.25576253858e-06
1.52272722905e-06
3.02038086992e-06
2.05325672657e-06
2.09770953825e-06
2.160305077e-06
2.4364109315e-06
2.72044043132e-07
3.03577824549e-06
3.57395746619e-06
3.23400994886e-06
2.00169472712e-06
2.4783048824e-06
2.27735499388e-06
2.89830281147e-06
2.3076799115e-06
3.21511931494e-06
1.47326411572e-06
2.67328815256e-06
3.56139069641e-06
2.08102762974e-06
2.54464180112e-06
3.18364281737e-06
3.4493833746e-06
3.43811575043e-06
2.00318291724e-06
2.35785952756e-06
2.81198108233e-06
2.05220145598e-06
2.13745803184e-06
2.21443155359e-06
3.21903452823e-06
3.90844493189e-06
1.99358624293e-06
2.84467850847e-06
2.88459534806e-06
2.32384774399e-06
1.9360547405e-06
2.08346832408e-06
2.65255099795e-06
2.68591910591e-06
4.1133142227e-06
2.7864121762e-06
2.41318276859e-06
2.4128852556e-06
2.08725665357e-06
1.74244473458e-06
2.88848417693e-06
3.27170840296e-06
3.12678611907e-06
3.07049988095e-06
