0.000265022695047
0.000273970771481
0.00026802845673
0.000288369351289
0.000282775200785
0.000115387771047
0.000231617932051
0.000162639231119
0.000214394106861
0.000287730554447
0.000247453537517
0.000189909268819
0.000263718074759
0.000262805396196
0.000225500345858
0.000298091781006
0.000204359051865
0.000187466804257
0.00032555503284
0.000169763621002
0.000303831212253
0.000179014151081
0.000170403336208
0.000252666287238
0.000250329944314
0.000209678859927
0.000299909082317
0.000208439430389
0.00024978598599
0.000171678600357
0.00025306006496
0.000188689994354
0.000190816857235
0.00025123446571
0.000309535931506
0.000248785934419
0.000273794713442
0.0002693151817
0.000247817384378
0.000230814142415
0.000281849750135
0.000286302698338
0.000345588365565
0.000242084786088
0.0001816923185
0.000285505133081
0.000278594770644
0.000308235102902
0.000271935235417
0.000356229951235
0.000322295674596
0.000272869137033
0.000233201585648
0.000308777049283
0.000253586660379
0.000222434798496
0.000173203023083
0.000267428884279
0.000346787701958
0.000302683410829
0.000222744301062
0.000399441383952
0.000237203167792
0.000287932703446
0.000230848278895
0.000275967101299
0.000207663589379
0.000182572899276
0.000274152343525
0.000281386110618
0.000240830751332
0.000243930141172
0.000166439034888
0.000214520421005
0.000318396051419
0.000333731714705
0.000162360098892
0.000214804354788
0.000306615132137
0.000143164427778
0.000221747917873
0.000217985057913
0.000151282755815
0.000310086988036
0.000150042639644
0.000276574821123
0.000318225783792
0.000332793174907
0.000358308646732
0.000242775625146
0.00031154251256
0.00025966975975
0.000235528821877
0.000192297583335
0.000305895185976
0.000300612514842
0.000210298724332
0.000178205774294
0.000315326411081
0.000234392968821
