0.00248220426761
0.00160444943015
0.00342328975678
0.00169720726077
0.00152617198601
0.00295319254441
0.00158064664332
0.002061481908
0.00216740190914
0.00197597802096
0.0019950893021
0.00181641489217
0.00220524087711
0.00267675127215
0.00268351595457
0.00258098517124
0.002576111767
0.00403178740879
0.00244556560116
0.00311125917882
0.00240452973973
0.00272154368396
0.00286603184651
0.00176890351029
0.00295265818082
0.00214140094371
0.00198452824319
0.00205175231559
0.00240237365194
0.00268956852193
0.000708506826533
0.00177818327602
0.00163389137516
0.00278564132526
0.00278518093252
0.00197549603098
0.00283673659233
0.0027394047241
0.00350228133368
0.00260319810638
0.00219817151224
0.00515875407246
0.00216529318035
0.00205877468413
0.00197991511617
0.00277301568044
0.00256851083836
0.00176081387256
0.00225299446056
0.00259934412441
0.00293775028885
0.00274244849928
0.00266001993293
0.00186234645022
0.00255418335556
0.00167416984246
0.00244599741954
0.00217666097741
0.00356094557089
0.00219735264611
0.002313258665
0.00265609978014
0.0024302735885
0.00251782017939
0.00305361806403
0.00256354756672
0.00230734701497
0.0028567344785
0.00244115433761
0.00215102058951
0.00225271265454
0.00294677178247
0.00263588950783
0.00257681074994
0.00186977197295
0.00197467524423
0.00159861205727
0.00217338980955
0.00262672061657
0.00250194262818
0.00228895157385
0.00155794894093
0.00373077451619
0.00341958922732
0.00210788911586
0.00164299483101
0.00254628021368
0.00172262308743
0.00410221871567
0.00226754171885
0.00084331179789
0.00199818530109
0.0033571588146
0.00237362271852
0.00241343493549
0.00367085352144
0.00266166031519
0.00355612395972
0.00288656603828
0.00207364989666
