2.87114330325e-05
1.85854613938e-05
2.58237321036e-05
2.50917279486e-05
2.95872763627e-05
1.46055662926e-05
2.25187344154e-05
5.38548463681e-05
3.14037314793e-06
1.41985376851e-05
3.07463385313e-06
6.73007633452e-05
6.6901029014e-05
2.64586982967e-05
2.08744125993e-05
4.97241916053e-05
6.23718585495e-06
6.26419399836e-05
3.20371461051e-05
7.83230324552e-05
1.69365156394e-05
3.70095788662e-05
9.05975672327e-05
2.41218601702e-05
5.60294705148e-05
4.01178282145e-05
4.21700677425e-05
2.8247925118e-05
3.36676892863e-05
4.19112201418e-05
5.62802367297e-06
4.94228753938e-05
3.76741839862e-05
5.58695019579e-05
5.03084368592e-05
2.04752606354e-05
5.03558259621e-06
2.07695585982e-05
3.83641866508e-05
3.877692511e-05
5.42700064932e-05
2.44119190174e-05
4.33356390497e-05
5.26521675876e-05
2.73864883823e-05
3.44294536752e-05
1.13405865393e-05
1.85259064994e-05
1.51931283569e-05
4.70432051153e-05
5.98187588361e-05
5.83784620962e-05
2.37827641109e-05
5.03019559173e-05
7.45659737499e-06
3.16107752573e-05
1.4167576232e-05
2.83372430334e-05
2.22457316247e-05
1.13004101822e-05
2.54608073973e-05
3.513010679e-05
5.26066035488e-05
2.53279246056e-06
2.63987754271e-05
4.35302458928e-05
2.82680277394e-05
4.18801588283e-05
3.68965908331e-05
3.79718493057e-05
4.22671776257e-05
2.22940841344e-05
4.6938349125e-05
2.42067067699e-05
2.7174951959e-05
2.51566163395e-05
2.71647018376e-05
4.686010954e-05
3.93381427387e-05
4.34061991984e-05
5.8319577542e-05
5.39292509138e-05
3.50579395238e-05
5.42123625624e-05
2.40673051986e-05
2.27542526126e-05
6.60292451749e-05
4.65426656764e-05
4.1736945173e-05
3.49263996615e-05
3.75327724665e-05
2.77092397657e-06
4.64438022143e-05
1.44380077682e-05
3.41488041637e-05
2.08998058875e-05
3.50236250115e-05
4.07713891291e-05
6.36981820865e-05
4.82428009482e-05
