0.0389791926639
0.0297363310483
0.0234777056389
0.0202513926754
0.0181954473154
0.0225673206488
0.0218200685127
0.0276260191365
0.0244919415124
0.0300276954372
0.0196935138396
0.0256600374645
0.0240951529873
0.0232935048415
0.0200327873015
0.0233503438822
0.035056140698
0.0232780478061
0.0209106793196
0.0178971791106
0.0267402440279
0.0179794570508
0.0321512582022
0.0280685895816
0.0236547674187
0.0258163576946
0.0250924778431
0.02223717393
0.0261730297419
0.0269491451988
0.0224427967807
0.0236437442982
0.023580709247
0.023297756976
0.0293422739669
0.033610012645
0.0215367177727
0.029582379955
0.0281725364942
0.0239818734228
0.0180229122286
0.0189963376211
0.0243880273881
0.0234839466932
0.0256174509812
0.0323124309163
0.0145753844056
0.0179822789482
0.0275355613325
0.0252790775151
0.0247401926271
0.0182527762702
0.019369354561
0.0315929138882
0.0186337425071
0.0294850108877
0.0354190886937
0.0251977077242
0.016467290312
0.0186359851739
0.0261306378708
0.0329750968452
0.0342887664513
0.02076702211
0.0313101287891
0.0440710742012
0.0306541143725
0.0276460045062
0.0190700114253
0.0209515115535
0.0253288429943
0.0264647732415
0.0183813364721
0.0256386713988
0.0431228495045
0.0253170600501
0.0186642256594
0.0200821104961
0.022517017609
0.0258543844823
0.0356331284195
0.042073708005
0.024022714241
0.0267250478045
0.0221076302536
0.0304420140699
0.024848593906
0.0226642613815
0.0197253613875
0.0217197974056
0.0190669482739
0.0194803828531
0.0236675543108
0.0148736558192
0.0267882467157
0.0166613963237
0.0268220562303
0.0291553540966
0.0345846623876
0.0333435272557
