3.18197212387e-05
2.67503423015e-05
3.34248424914e-05
3.78497421459e-05
2.91907568869e-05
2.41426841443e-05
2.232424724e-05
2.86626036076e-05
2.20149513503e-05
1.97962499112e-05
2.31409625468e-05
2.94996240346e-05
3.87170127305e-05
3.55059527078e-05
3.47366441831e-05
3.64581816248e-05
1.82053184866e-05
4.08727929661e-05
3.08776309033e-05
4.22641667378e-05
2.96393790762e-05
3.14190081958e-05
3.49707332123e-05
4.70745778862e-05
2.82901354921e-05
1.54434437942e-05
2.70380658003e-05
2.52452193466e-05
3.19338462997e-05
2.62382448465e-05
2.30189595728e-05
3.76716090196e-05
2.83733451446e-05
3.75481625774e-05
3.63182067058e-05
1.53585484817e-05
1.85192261729e-05
2.53435080889e-05
2.44008982323e-05
3.13644162514e-05
3.67360842961e-05
3.45544205539e-05
3.78950105518e-05
3.39047457477e-05
3.48738903508e-05
1.92369663245e-05
3.62053765493e-05
3.35633222101e-05
2.84082647746e-05
2.10109812947e-05
3.7831707071e-05
3.1380266401e-05
3.58569734666e-05
3.31748473964e-05
2.09275190218e-05
2.79489715788e-05
2.51679380346e-05
3.54900404178e-05
2.39674166216e-05
2.53643702382e-05
3.22307881182e-05
2.5672401177e-05
3.5806590462e-05
2.02178843974e-05
2.62828650997e-05
3.80424735334e-05
3.97624224315e-05
3.19075066821e-05
3.1412927647e-05
4.51848457584e-05
2.12598990832e-05
3.0347531774e-05
2.78192414823e-05
2.62001621213e-05
3.44947388181e-05
2.38923160764e-05
4.1722100431e-05
2.67557753197e-05
3.30422896368e-05
2.73432398336e-05
2.94997678338e-05
3.33859440196e-05
3.91321967346e-05
3.51027923089e-05
3.44097910221e-05
2.94656733214e-05
3.35884978575e-05
2.70884570399e-05
2.64929509182e-05
2.49436258364e-05
3.2355293859e-05
2.32511056004e-05
2.80403487464e-05
2.11476635541e-05
3.73172310954e-05
3.1838798606e-05
3.94814723701e-05
3.31798901129e-05
3.43313418056e-05
2.86153265484e-05
