1.80120516151e-07
1.77935434994e-07
1.93873216978e-07
2.77503957334e-07
2.33989714425e-07
2.45135273647e-07
2.30891286995e-07
2.43231419212e-07
2.34425766369e-07
2.26430839922e-07
5.28209162769e-07
2.60844065813e-07
2.3313772143e-07
2.69527368881e-07
2.60407826094e-07
2.49161168015e-07
2.7991709019e-07
3.4516314692e-07
3.42018348862e-07
3.47017094685e-07
3.03134118708e-07
2.35689261582e-07
1.63365137078e-07
1.94872344134e-07
2.78125645532e-07
2.30472029041e-07
2.49242032235e-07
1.96918546048e-07
2.36441538063e-07
2.05736031376e-07
2.11874690445e-07
2.00187861965e-07
4.39983826231e-07
2.87446486368e-07
2.06239256711e-07
1.34177841976e-07
1.72391196333e-07
4.12445664801e-07
1.59356539053e-07
2.7222682174e-07
2.62939896705e-07
3.06006808716e-07
2.79724138165e-07
1.98451372051e-07
2.55388571072e-07
3.13420498721e-07
3.88240478812e-07
2.58420323035e-07
5.27892361722e-07
2.88651703192e-07
2.43951694682e-07
3.04793032074e-07
2.00249634927e-07
1.86774752067e-07
2.86213907035e-07
2.19473803976e-07
2.12287138199e-07
1.76639830393e-07
1.95573900185e-07
3.56974789355e-07
2.05689875398e-07
1.83377541647e-07
2.51539713616e-07
2.71652342704e-07
2.20485379677e-07
2.73870211851e-07
2.5803571661e-07
3.11700679241e-07
2.94680254903e-07
4.06874778702e-07
2.6075247691e-07
1.8291934278e-07
3.21723058901e-07
2.18279675929e-07
1.94508948045e-07
1.99349449669e-07
3.30150133628e-07
4.32234725771e-07
1.55973338286e-07
3.5440295953e-07
4.41800879241e-07
2.31842536677e-07
4.38498092174e-07
2.59643559128e-07
3.02813159643e-07
2.24805443329e-07
2.22448415168e-07
2.72896010341e-07
2.49633321488e-07
3.79784184869e-07
3.10227118054e-07
2.33459346478e-07
1.69735905029e-07
2.52306634967e-07
3.17189636306e-07
2.33865539923e-07
3.01883439357e-07
2.2132736798e-07
3.02571229509e-07
1.40361477075e-07
