2.92308381184e-05
1.62022138365e-05
8.72966247856e-05
1.81078972756e-05
5.20409161362e-05
0.000122469850681
3.01741887941e-05
5.61148302636e-05
7.21841936685e-05
2.46029361111e-05
4.89590756396e-05
0.000101248351511
6.71292683437e-05
5.12051518196e-06
4.87679378322e-05
5.59113102203e-06
2.02785332714e-05
0.000158199415182
2.96401811787e-05
4.94972928196e-05
6.68613075578e-05
2.05358413063e-05
6.41080687595e-05
9.29246730537e-06
9.9553570027e-05
0.000118586526668
3.50223081415e-05
3.96404603307e-05
2.02903694007e-05
3.44767806785e-05
3.01890436303e-05
6.72593971563e-05
0.000172000302269
6.56667891532e-05
3.99570221024e-05
7.42550344182e-06
7.64105947658e-05
4.27583378585e-05
3.06509596954e-05
5.76047039559e-05
3.08376303152e-05
7.97918676168e-05
8.47856106447e-05
6.43614635221e-05
1.16402002101e-05
7.34607417244e-05
1.27446023592e-05
4.24575269571e-05
3.64911573927e-05
6.76719643537e-05
5.24837197952e-05
8.29675339666e-05
2.85046773873e-05
6.98535586569e-05
1.49810870826e-05
1.53815600331e-05
5.5509628922e-05
1.29037773393e-07
9.64211661616e-05
5.74316815194e-05
1.55205901248e-05
3.80195510284e-05
1.70229443583e-05
3.91482080865e-05
6.81010186424e-05
5.48448176976e-05
9.88532792135e-05
0.000157768596454
4.48213287685e-05
4.6102630905e-05
2.96510348845e-05
6.75510029741e-05
8.71606548625e-05
5.81003371175e-05
3.73924950179e-05
2.20433688652e-05
3.75795427458e-05
8.59211707933e-05
4.36743022316e-05
8.13196940356e-05
1.80370517063e-05
0.000167501627127
7.82350907209e-05
7.0675261735e-05
3.17121095345e-05
8.14743495214e-06
9.59847886415e-05
5.10882599519e-05
4.11077557849e-05
3.82000701593e-05
1.04442682344e-05
3.34554898555e-05
4.57528039982e-05
7.31686212763e-06
5.64440290293e-05
3.96573226521e-06
9.69773154319e-05
4.16949846631e-05
0.000137755569588
9.23793313302e-06
