3.46900961036e-06
2.35769062148e-06
2.16587660207e-06
2.83506126874e-06
1.7404583104e-06
1.97029935036e-06
2.25769408744e-06
2.09296091548e-06
2.94476498259e-06
2.06150349177e-06
2.33523835299e-06
2.23059592919e-06
2.05523753892e-06
2.2633088047e-06
2.79890836741e-06
2.50342673735e-06
2.67055804046e-06
1.95231873494e-06
2.22360655374e-06
2.60518460039e-06
1.71219443408e-06
1.73322164051e-06
2.52462458654e-06
3.36264908751e-06
2.48117148847e-06
2.43825125246e-06
2.64641576276e-06
2.33667232054e-06
2.6960818336e-06
2.82510591019e-06
2.92938580482e-06
2.614646631e-06
2.21902879407e-06
2.19963992247e-06
1.79346765029e-06
2.65634032407e-06
2.5001875146e-06
3.44029030649e-06
3.28293316894e-06
2.36971141908e-06
3.12376631026e-06
2.82235932509e-06
2.4544022439e-06
2.73350773656e-06
3.14785965739e-06
1.83284790859e-06
1.36788727288e-07
3.55479320093e-06
2.00635968177e-06
2.0186312622e-06
1.4683230358e-06
2.77577954539e-06
1.92767219476e-06
1.99652393375e-06
2.08280769846e-06
2.26663216011e-06
1.52629108574e-07
2.85934724574e-06
3.29287314358e-06
2.87522031264e-06
1.9933446683e-06
2.2681151809e-06
2.0473436118e-06
2.72569248339e-06
2.13960541203e-06
3.07887719866e-06
6.13094755039e-07
2.51212566098e-06
3.2782020058e-06
1.94176208122e-06
2.44474495028e-06
2.95472650327e-06
3.28809281156e-06
3.18515875256e-06
1.74504391124e-06
2.31500082752e-06
2.68247286128e-06
1.93078773252e-06
1.8477049171e-06
2.06347513738e-06
2.93318703658e-06
3.75024942604e-06
1.86151449877e-06
2.66704842651e-06
2.71720911544e-06
2.26196700382e-06
1.88047616989e-06
2.06052567712e-06
2.59008329475e-06
2.38501249623e-06
3.72817823625e-06
2.68685713094e-06
2.29431516421e-06
2.28433464249e-06
2.02103479243e-06
1.68881570521e-06
2.63409780334e-06
3.13626941581e-06
2.76608854515e-06
2.86344951289e-06
