1.97721723261e-05
2.5059938169e-05
1.8723168949e-05
3.16698735451e-05
2.60439286361e-05
3.0299684802e-05
2.46177710258e-05
1.58514378316e-05
2.29932371271e-05
2.30068527085e-05
2.85671390158e-05
2.25509014385e-05
2.13972963691e-05
1.36052714833e-05
2.3823682115e-05
1.57304256417e-05
2.91502695319e-05
2.84911683907e-05
2.3496704681e-05
2.71554690619e-05
2.61541268332e-05
2.70145508677e-05
2.95397179407e-05
2.00134387519e-05
2.41081962684e-05
1.94773627823e-05
2.04942024487e-05
2.33263132476e-05
2.23641304606e-05
2.54454583821e-05
1.32865022267e-05
3.0256608197e-05
2.62396798685e-05
2.29544142785e-05
2.02928971051e-05
2.82676753751e-05
1.81085247734e-05
1.95812102692e-05
2.75224151196e-05
2.62443448613e-05
3.17614424446e-05
3.15476969341e-05
2.84573217087e-05
2.10989710683e-05
2.81709808418e-05
2.85019526761e-05
2.29156553409e-05
2.18629371599e-05
2.99296636807e-05
1.91335933731e-05
2.41764770623e-05
2.11495550124e-05
1.87833658249e-05
2.46892344761e-05
2.62604369172e-05
1.73431696965e-05
2.39235276702e-05
2.57397774245e-05
2.00712116016e-05
2.63260148266e-05
1.84190343414e-05
1.90736767462e-05
1.8386352192e-05
2.56907298265e-05
2.49978664429e-05
1.90615699601e-05
2.65859175702e-05
2.60323146449e-05
2.94015054879e-05
2.13660395292e-05
1.99185789612e-05
2.27760784754e-05
2.89962309753e-05
1.97663464031e-05
3.45562764479e-05
2.18646374031e-05
2.50908264425e-05
2.17046689287e-05
1.85700362781e-05
2.20964307524e-05
2.95770667707e-05
2.4182308885e-05
2.14811751961e-05
2.28113002707e-05
2.61287135786e-05
2.2172310553e-05
2.68416361273e-05
1.53355616978e-05
2.35762576002e-05
2.52713084204e-05
3.00279409746e-05
1.59911489842e-05
3.07820519648e-05
2.86798152454e-05
3.16499068882e-05
2.35635579718e-05
2.20369144982e-05
1.38040305415e-05
2.16628099409e-05
1.45273358041e-05
